Mean_Mo_C15:	92.602892521
Sigma_Mo_C15:	10.0083269433
Mean_Cu_C15:	37.4420048391
Sigma_Cu_C15:	8.71085789412
