Mean_Mo_C10:	99.56465755
Sigma_Mo_C10:	9.59053545757
Mean_Cu_C10:	39.6800528078
Sigma_Cu_C10:	8.84226777992
