Mean_Mo_C10:	100.672739043
Sigma_Mo_C10:	10.9665386956
Mean_In_C10:	146.056136401
Sigma_In_C10:	11.2008462924
