Mean_Mo_C5:	96.4110911244
Sigma_Mo_C5:	10.6833867825
Mean_Sn_C5:	144.761712456
Sigma_Sn_C5:	11.9133255222
