Mean_Mo_C0:	111.058507714
Sigma_Mo_C0:	13.1602767617
Mean_Ag_C0:	146.624176655
Sigma_Ag_C0:	7.82329988606
