Mean_Mo_C11:	110.626452095
Sigma_Mo_C11:	10.9958711292
Mean_Sn_C11:	164.090889826
Sigma_Sn_C11:	11.1569055302
