Mean_Mo_C10:	101.913816956
Sigma_Mo_C10:	11.2198873537
Mean_Sn_C10:	153.06404634
Sigma_Sn_C10:	11.329251474
