Mean_Mo_C10:	103.571665036
Sigma_Mo_C10:	11.435361638
Mean_Ag_C10:	137.605061054
Sigma_Ag_C10:	8.30808220785
