Mean_Mo_C14:	111.118891751
Sigma_Mo_C14:	13.1074228504
Mean_Cu_C14:	46.267592086
Sigma_Cu_C14:	10.1357840806
