Mean_Mo_C6:	104.961902721
Sigma_Mo_C6:	11.1387748868
Mean_In_C6:	151.785860187
Sigma_In_C6:	10.8982807422
