Mean_Mo_C9:	93.3769753054
Sigma_Mo_C9:	10.8468041188
Mean_In_C9:	136.043436707
Sigma_In_C9:	10.8511587987
