Mean_Mo_C4:	121.577449104
Sigma_Mo_C4:	43.8958432541
Mean_In_C4:	143.035550988
Sigma_In_C4:	29.5454304182
