Mean_Mo_C3:	97.3500330666
Sigma_Mo_C3:	10.5296790898
Mean_Ag_C3:	129.964581602
Sigma_Ag_C3:	5.87805046039
