Mean_Mo_C15:	97.2934894756
Sigma_Mo_C15:	11.0982317379
Mean_Ag_C15:	128.99552703
Sigma_Ag_C15:	6.36260420576
