Mean_Mo_C8:	95.227137621
Sigma_Mo_C8:	11.1499959213
Mean_Sn_C8:	145.777582989
Sigma_Sn_C8:	11.1822049604
