Mean_Mo_C13:	105.655151915
Sigma_Mo_C13:	10.0940030235
Mean_Cu_C13:	43.334600321
Sigma_Cu_C13:	8.84809607863
