Mean_Mo_C4:	116.259102373
Sigma_Mo_C4:	27.1981394614
Mean_Cu_C4:	66.3550751536
Sigma_Cu_C4:	14.9265190231
