Mean_Mo_C5:	94.5735013389
Sigma_Mo_C5:	10.4760081827
Mean_In_C5:	136.758432517
Sigma_In_C5:	12.707167635
