Mean_Mo_C13:	106.842816927
Sigma_Mo_C13:	11.3122619665
Mean_In_C13:	154.172074923
Sigma_In_C13:	11.7842006025
