Mean_Mo_C14:	117.497404575
Sigma_Mo_C14:	20.8644035129
Mean_In_C14:	165.252305553
Sigma_In_C14:	9.2515160474
