Mean_Mo_C5:	99.0842819516
Sigma_Mo_C5:	11.1128488377
Mean_Ag_C5:	131.262742017
Sigma_Ag_C5:	7.52385843391
