Mean_Mo_C12:	92.3978444098
Sigma_Mo_C12:	9.93586173723
Mean_Cu_C12:	37.3408798656
Sigma_Cu_C12:	8.77851898437
