Mean_Mo_C8:	94.0512471748
Sigma_Mo_C8:	10.7797576765
Mean_Cu_C8:	37.4223251317
Sigma_Cu_C8:	8.81908548322
