Mean_Mo_C15:	93.6487937889
Sigma_Mo_C15:	11.7438159608
Mean_Sn_C15:	140.77651452
Sigma_Sn_C15:	10.8692948482
