Mean_Mo_C2:	109.669905826
Sigma_Mo_C2:	11.2836335912
Mean_In_C2:	157.314016416
Sigma_In_C2:	11.4735689366
