Mean_Mo_C8:	93.9525692402
Sigma_Mo_C8:	11.7985552331
Mean_In_C8:	137.435420563
Sigma_In_C8:	10.4519282289
