Mean_Mo_C12:	96.7552684632
Sigma_Mo_C12:	10.9892587524
Mean_Ag_C12:	128.207176915
Sigma_Ag_C12:	7.03451466335
