Mean_Mo_C4:	112.750451397
Sigma_Mo_C4:	59.0733329154
Mean_Sn_C4:	150.297110792
Sigma_Sn_C4:	26.4328667039
