Mean_Mo_C5:	93.9800436453
Sigma_Mo_C5:	10.3131355223
Mean_Cu_C5:	37.3637169563
Sigma_Cu_C5:	8.67927319539
