Mean_Mo_C9:	94.1534016018
Sigma_Mo_C9:	10.3829187589
Mean_Sn_C9:	142.859780919
Sigma_Sn_C9:	10.933989938
