Mean_Mo_C12:	94.1691856491
Sigma_Mo_C12:	10.8033834664
Mean_Sn_C12:	142.229098959
Sigma_Sn_C12:	11.0144462924
