Mean_Mo_C1:	102.93851531
Sigma_Mo_C1:	11.5615023403
Mean_Sn_C1:	154.193397405
Sigma_Sn_C1:	12.1592494538
