Mean_Mo_C2:	109.543087827
Sigma_Mo_C2:	12.1736576832
Mean_Cu_C2:	43.2682762882
Sigma_Cu_C2:	10.1317142254
