Mean_Mo_C7:	94.0506191676
Sigma_Mo_C7:	10.0878266697
Mean_Sn_C7:	141.935175768
Sigma_Sn_C7:	11.5778528291
