Mean_Mo_C6:	106.258270644
Sigma_Mo_C6:	10.9507647974
Mean_Sn_C6:	160.07034627
Sigma_Sn_C6:	11.4429881196
