Mean_Mo_C3:	93.6458782766
Sigma_Mo_C3:	10.1243201113
Mean_In_C3:	136.73672177
Sigma_In_C3:	11.1491102331
