Mean_Mo_C0:	106.318994758
Sigma_Mo_C0:	9.94709676102
Mean_Cu_C0:	43.1376502877
Sigma_Cu_C0:	9.53698739283
