Mean_Mo_C6:	108.687071951
Sigma_Mo_C6:	12.0021599337
Mean_Ag_C6:	143.481491962
Sigma_Ag_C6:	7.85827601815
