Mean_Mo_C12:	93.2235631652
Sigma_Mo_C12:	10.9882205479
Mean_In_C12:	135.757561994
Sigma_In_C12:	10.9271804664
