Mean_Mo_C11:	107.686296698
Sigma_Mo_C11:	11.0398748652
Mean_Cu_C11:	41.7399523612
Sigma_Cu_C11:	9.21952893277
