Mean_Mo_C6:	104.006398843
Sigma_Mo_C6:	10.9206369281
Mean_Cu_C6:	41.624132322
Sigma_Cu_C6:	9.03659152264
