Mean_Mo_C1:	99.2067862378
Sigma_Mo_C1:	14.0695580166
Mean_Cu_C1:	42.9932769111
Sigma_Cu_C1:	8.91922617954
