Mean_Mo_C7:	91.5171825026
Sigma_Mo_C7:	9.83790580884
Mean_Cu_C7:	38.163124058
Sigma_Cu_C7:	8.6488277953
