Mean_Mo_C1:	101.657140417
Sigma_Mo_C1:	13.0170042437
Mean_In_C1:	147.053547281
Sigma_In_C1:	10.6780305982
