Mean_Mo_C11:	112.849573353
Sigma_Mo_C11:	11.3842438159
Mean_Ag_C11:	147.499958454
Sigma_Ag_C11:	7.39081661725
