Mean_Mo_C8:	98.5786145077
Sigma_Mo_C8:	11.7079060643
Mean_Ag_C8:	131.116511439
Sigma_Ag_C8:	7.02567454711
