Mean_Mo_C3:	93.4008687727
Sigma_Mo_C3:	9.36127572
Mean_Cu_C3:	37.1593837216
Sigma_Cu_C3:	8.27457816357
