Mean_Mo_C11:	110.072765711
Sigma_Mo_C11:	11.1014138695
Mean_In_C11:	156.637232247
Sigma_In_C11:	11.5393999921
