Mean_Mo_C15:	93.1413894042
Sigma_Mo_C15:	12.1469642703
Mean_In_C15:	135.492077633
Sigma_In_C15:	10.5481035568
