Mean_Mo_C4:	202.348222664
Sigma_Mo_C4:	92.3636264017
Mean_Ag_C4:	208.029550161
Sigma_Ag_C4:	5.87805046039
