Mean_Mo_C13:	110.831968505
Sigma_Mo_C13:	10.8794552591
Mean_Ag_C13:	144.733221905
Sigma_Ag_C13:	8.36456183336
