Mean_Mo_C3:	94.814671584
Sigma_Mo_C3:	9.99988227781
Mean_Sn_C3:	144.892315815
Sigma_Sn_C3:	10.4065035512
