Mean_Mo_C9:	96.7103870996
Sigma_Mo_C9:	10.7309560715
Mean_Ag_C9:	129.846346203
Sigma_Ag_C9:	8.04637262198
