Mean_Mo_C7:	95.6541875077
Sigma_Mo_C7:	11.2726991146
Mean_Ag_C7:	127.81415261
Sigma_Ag_C7:	6.50321649772
