Mean_Mo_C0:	109.042852169
Sigma_Mo_C0:	11.2905145811
Mean_Sn_C0:	162.922995895
Sigma_Sn_C0:	11.7197061329
