Mean_Mo_C13:	108.837778802
Sigma_Mo_C13:	10.3136173604
Mean_Sn_C13:	160.542676292
Sigma_Sn_C13:	11.7951765885
