Mean_Mo_C9:	91.7087015557
Sigma_Mo_C9:	10.0783240142
Mean_Cu_C9:	35.7868781095
Sigma_Cu_C9:	8.51907027699
