Mean_Mo_C14:	116.173305001
Sigma_Mo_C14:	13.897552787
Mean_Sn_C14:	170.313332383
Sigma_Sn_C14:	11.9378416893
