Mean_Mo_C14:	118.486342067
Sigma_Mo_C14:	16.8588255551
Mean_Ag_C14:	153.306542238
Sigma_Ag_C14:	8.31409930042
