Mean_Mo_C2:	113.763189726
Sigma_Mo_C2:	12.1231123149
Mean_Ag_C2:	149.009736146
Sigma_Ag_C2:	7.77842486582
