Mean_Mo_C0:	108.896446794
Sigma_Mo_C0:	12.3320756995
Mean_In_C0:	155.946478101
Sigma_In_C0:	10.9114390405
