Mean_Mo_C2:	110.916155767
Sigma_Mo_C2:	11.3598793521
Mean_Sn_C2:	165.975819671
Sigma_Sn_C2:	12.170413756
