Mean_Mo_C1:	108.381763897
Sigma_Mo_C1:	15.2404159271
Mean_Ag_C1:	141.177017428
Sigma_Ag_C1:	8.4981896229
