Mean_Mo_C7:	92.2331750136
Sigma_Mo_C7:	11.5502099565
Mean_In_C7:	134.975278963
Sigma_In_C7:	10.0841277926
