Mean_Mo_C8:	78.9940361808
Sigma_Mo_C8:	11.8568689836
Mean_Sn_C8:	125.530733075
Sigma_Sn_C8:	11.3567253456
