Mean_Mo_C5:	84.6621254751
Sigma_Mo_C5:	10.6824955567
Mean_In_C5:	125.443826167
Sigma_In_C5:	10.1845436636
