Mean_Mo_C12:	93.3449466472
Sigma_Mo_C12:	11.0794890321
Mean_In_C12:	137.369039046
Sigma_In_C12:	11.350404929
