Mean_Mo_C13:	87.1952819115
Sigma_Mo_C13:	11.446566301
Mean_Ag_C13:	117.254943255
Sigma_Ag_C13:	5.03924469629
