Mean_Mo_C13:	87.573884256
Sigma_Mo_C13:	9.66172929573
Mean_Cu_C13:	36.8469143856
Sigma_Cu_C13:	8.06890332471
