Mean_Mo_C0:	81.3763485687
Sigma_Mo_C0:	11.8264857567
Mean_In_C0:	122.249908696
Sigma_In_C0:	10.2226463818
