Mean_Mo_C1:	86.9031912453
Sigma_Mo_C1:	12.3863025645
Mean_Cu_C1:	37.8662986358
Sigma_Cu_C1:	8.44681771475
