Mean_Mo_C8:	80.2218833515
Sigma_Mo_C8:	11.0947461369
Mean_Cu_C8:	31.5898060531
Sigma_Cu_C8:	9.50233774321
