Mean_Mo_C9:	87.1063656345
Sigma_Mo_C9:	9.80048172065
Mean_Cu_C9:	35.2842474675
Sigma_Cu_C9:	8.48670833068
