Mean_Mo_C0:	80.0632160435
Sigma_Mo_C0:	17.7097750429
Mean_Ag_C0:	0.0
Sigma_Ag_C0:	0.0
