Mean_Mo_C12:	92.7761446779
Sigma_Mo_C12:	10.4442115206
Mean_Cu_C12:	36.0162784348
Sigma_Cu_C12:	8.88799016348
