Mean_Mo_C4:	79.068895209
Sigma_Mo_C4:	10.4397503014
Mean_Sn_C4:	124.533934909
Sigma_Sn_C4:	11.4333974907
