Mean_Mo_C0:	80.7675483826
Sigma_Mo_C0:	11.8520901306
Mean_Sn_C0:	126.540479942
Sigma_Sn_C0:	10.8423600137
