Mean_Mo_C5:	84.7721778881
Sigma_Mo_C5:	10.3366421317
Mean_Sn_C5:	130.717042834
Sigma_Sn_C5:	11.9622947647
