Mean_Mo_C4:	80.5285789844
Sigma_Mo_C4:	9.60589831885
Mean_Cu_C4:	30.8895529255
Sigma_Cu_C4:	8.48233045347
