Mean_Mo_C6:	83.4983283159
Sigma_Mo_C6:	11.3427078913
Mean_In_C6:	124.264464273
Sigma_In_C6:	11.5168311126
