Mean_Mo_C7:	83.0542121347
Sigma_Mo_C7:	12.0267185937
Mean_In_C7:	124.562260063
Sigma_In_C7:	10.3949109654
