Mean_Mo_C11:	99.4274466645
Sigma_Mo_C11:	12.0084252232
Mean_In_C11:	145.624244454
Sigma_In_C11:	11.2317197991
