Mean_Mo_C1:	87.4974528354
Sigma_Mo_C1:	12.4077742777
Mean_Sn_C1:	131.830165613
Sigma_Sn_C1:	12.0611893475
