Mean_Mo_C6:	84.5158425085
Sigma_Mo_C6:	10.2009419532
Mean_Cu_C6:	33.2602196694
Sigma_Cu_C6:	9.71806020412
