Mean_Mo_C9:	85.9956220046
Sigma_Mo_C9:	12.4273111035
Mean_Ag_C9:	118.010251166
Sigma_Ag_C9:	7.04619953863
