Mean_Mo_C5:	85.2404078718
Sigma_Mo_C5:	11.2470996809
Mean_Ag_C5:	115.583373333
Sigma_Ag_C5:	7.06820902151
