Mean_Mo_C8:	78.7858188331
Sigma_Mo_C8:	13.5963023596
Mean_In_C8:	121.075745593
Sigma_In_C8:	9.54185004861
