Mean_Mo_C15:	86.8272317884
Sigma_Mo_C15:	10.9078281712
Mean_In_C15:	127.29038543
Sigma_In_C15:	10.8735509241
