Mean_Mo_C6:	82.4484969987
Sigma_Mo_C6:	11.8141402667
Mean_Sn_C6:	129.563637514
Sigma_Sn_C6:	11.6988769925
