Mean_Mo_C2:	86.9494855693
Sigma_Mo_C2:	10.7418561155
Mean_Sn_C2:	132.994976412
Sigma_Sn_C2:	10.958354528
