Mean_Mo_C2:	86.0545459112
Sigma_Mo_C2:	11.2916551341
Mean_In_C2:	126.108729832
Sigma_In_C2:	10.0721277696
