Mean_Mo_C11:	99.2214721825
Sigma_Mo_C11:	11.8772052034
Mean_Ag_C11:	133.989411255
Sigma_Ag_C11:	7.78894449214
