Mean_Mo_C15:	86.8141705561
Sigma_Mo_C15:	10.4568827714
Mean_Cu_C15:	34.8537029638
Sigma_Cu_C15:	7.57659956653
