Mean_Mo_C7:	82.9044178469
Sigma_Mo_C7:	11.2626047004
Mean_Sn_C7:	129.320045234
Sigma_Sn_C7:	12.8286374354
