Mean_Mo_C9:	86.5738735773
Sigma_Mo_C9:	10.8959868666
Mean_Sn_C9:	134.226740246
Sigma_Sn_C9:	10.8720312819
