Mean_Mo_C2:	87.5119435056
Sigma_Mo_C2:	11.9676981517
Mean_Ag_C2:	117.392086004
Sigma_Ag_C2:	7.0521276478
