Mean_Mo_C9:	87.2836895381
Sigma_Mo_C9:	10.5411774517
Mean_In_C9:	128.166197007
Sigma_In_C9:	10.4207694568
