Mean_Mo_C15:	87.0308027676
Sigma_Mo_C15:	10.3318784027
Mean_Sn_C15:	132.811485102
Sigma_Sn_C15:	10.3780624915
