Mean_Mo_C7:	83.2056591265
Sigma_Mo_C7:	12.0567187863
Mean_Ag_C7:	115.741577082
Sigma_Ag_C7:	7.49733438697
