Mean_Mo_C11:	99.5621539076
Sigma_Mo_C11:	10.0312882313
Mean_Sn_C11:	151.30765468
Sigma_Sn_C11:	12.4379510906
