Mean_Mo_C12:	93.4517663871
Sigma_Mo_C12:	11.3085321383
Mean_Ag_C12:	126.075703535
Sigma_Ag_C12:	7.56667922974
