Mean_Mo_C7:	84.0482618138
Sigma_Mo_C7:	10.4817658905
Mean_Cu_C7:	33.7277014856
Sigma_Cu_C7:	9.86767465046
