Mean_Mo_C0:	81.8082603866
Sigma_Mo_C0:	10.7247188902
Mean_Cu_C0:	31.4765759545
Sigma_Cu_C0:	9.80027662899
