Mean_Mo_C15:	87.5659301616
Sigma_Mo_C15:	15.0979034245
Mean_Ag_C15:	117.509095886
Sigma_Ag_C15:	6.0400327081
