Mean_Mo_C12:	92.4345197125
Sigma_Mo_C12:	11.463941116
Mean_Sn_C12:	143.482438227
Sigma_Sn_C12:	10.2272248993
