Mean_Mo_C1:	86.8420956389
Sigma_Mo_C1:	15.1510872788
Mean_Ag_C1:	117.437825153
Sigma_Ag_C1:	6.76010150573
