Mean_Mo_C4:	80.9119116771
Sigma_Mo_C4:	11.0023534588
Mean_Ag_C4:	111.414248154
Sigma_Ag_C4:	5.94496216812
