Mean_Mo_C13:	86.5248113132
Sigma_Mo_C13:	10.0059069671
Mean_Sn_C13:	132.782544026
Sigma_Sn_C13:	10.6725328003
