Mean_Mo_C11:	99.4255021808
Sigma_Mo_C11:	10.787322412
Mean_Cu_C11:	39.6735148941
Sigma_Cu_C11:	9.42369366578
