Mean_Mo_C8:	80.1093841085
Sigma_Mo_C8:	13.3700319121
Mean_Ag_C8:	111.216871476
Sigma_Ag_C8:	6.31087045238
