Mean_Mo_C6:	83.4169426503
Sigma_Mo_C6:	12.1052710229
Mean_Ag_C6:	115.436463821
Sigma_Ag_C6:	6.79389933496
