Mean_Mo_C5:	85.579066853
Sigma_Mo_C5:	10.5683751544
Mean_Cu_C5:	34.1494975529
Sigma_Cu_C5:	8.73569604046
