Mean_Mo_C4:	79.3292744335
Sigma_Mo_C4:	10.6872575989
Mean_In_C4:	119.07629906
Sigma_In_C4:	9.94866297916
