Mean_Mo_C2:	88.1475203625
Sigma_Mo_C2:	10.2348858018
Mean_Cu_C2:	35.8079617403
Sigma_Cu_C2:	9.0827333488
