Mean_Mo_C13:	87.0103254392
Sigma_Mo_C13:	9.97830187992
Mean_In_C13:	126.485169456
Sigma_In_C13:	10.0680478239
