Mean_Mo_C1:	87.8638226914
Sigma_Mo_C1:	13.4427381067
Mean_In_C1:	128.694760904
Sigma_In_C1:	8.65454501358
