Mean_Mo_C14:	111.127248423
Sigma_Mo_C14:	13.3181869214
Mean_In_C14:	154.831533039
Sigma_In_C14:	10.2545195757
