Mean_Mo_C1:	109.724556755
Sigma_Mo_C1:	12.3883315253
Mean_In_C1:	152.857277536
Sigma_In_C1:	7.74226843883
