Mean_Mo_C14:	114.603044673
Sigma_Mo_C14:	18.215301818
Mean_Ag_C14:	147.31129849
Sigma_Ag_C14:	7.76388845459
