Mean_Mo_C14:	111.85873936
Sigma_Mo_C14:	12.9337026798
Mean_Sn_C14:	162.233605828
Sigma_Sn_C14:	10.8322353784
