Mean_Mo_C8:	103.954014436
Sigma_Mo_C8:	10.4249421548
Mean_Cu_C8:	53.5978718294
Sigma_Cu_C8:	9.64661798699
