Mean_Mo_C15:	109.476645405
Sigma_Mo_C15:	10.983957435
Mean_In_C15:	151.53465686
Sigma_In_C15:	10.6028092461
