Mean_Mo_C4:	117.589100498
Sigma_Mo_C4:	9.51357252112
Mean_Cu_C4:	59.9348604546
Sigma_Cu_C4:	9.06440843069
