Mean_Mo_C7:	106.530366606
Sigma_Mo_C7:	9.88509099011
Mean_Cu_C7:	55.9353022032
Sigma_Cu_C7:	9.32390047043
