Mean_Mo_C7:	101.178519769
Sigma_Mo_C7:	9.92426866604
Mean_Sn_C7:	146.490578862
Sigma_Sn_C7:	12.3672339053
