Mean_Mo_C5:	128.311648417
Sigma_Mo_C5:	10.6041577485
Mean_Cu_C5:	65.2915243275
Sigma_Cu_C5:	9.76702231615
