Mean_Mo_C11:	101.273833683
Sigma_Mo_C11:	11.2147411157
Mean_Ag_C11:	132.853511911
Sigma_Ag_C11:	6.35848532116
