Mean_Mo_C8:	98.6500053446
Sigma_Mo_C8:	9.69284194369
Mean_Sn_C8:	142.107370593
Sigma_Sn_C8:	12.8715370263
