Mean_Mo_C9:	93.5683397086
Sigma_Mo_C9:	10.4639911587
Mean_In_C9:	132.9232163
Sigma_In_C9:	11.7996447583
