Mean_Mo_C12:	99.0368154543
Sigma_Mo_C12:	11.3590540907
Mean_In_C12:	139.00279865
Sigma_In_C12:	10.4364152717
