Mean_Mo_C5:	120.923298273
Sigma_Mo_C5:	10.3607116576
Mean_In_C5:	168.37037928
Sigma_In_C5:	10.6956776841
