Mean_Mo_C9:	101.571939317
Sigma_Mo_C9:	10.1882439036
Mean_Cu_C9:	50.851588886
Sigma_Cu_C9:	9.196051598
