Mean_Mo_C12:	106.097905436
Sigma_Mo_C12:	9.88475353007
Mean_Cu_C12:	54.7338513046
Sigma_Cu_C12:	8.64006887451
