Mean_Mo_C2:	123.799602916
Sigma_Mo_C2:	10.7812003101
Mean_Cu_C2:	62.523521898
Sigma_Cu_C2:	9.63391135576
