Mean_Mo_C15:	110.548668707
Sigma_Mo_C15:	11.0338749525
Mean_Ag_C15:	142.870064271
Sigma_Ag_C15:	6.75705367307
