Mean_Mo_C10:	94.2034668424
Sigma_Mo_C10:	10.1634520379
Mean_Ag_C10:	123.730394188
Sigma_Ag_C10:	6.43358907728
