Mean_Mo_C8:	97.5972357184
Sigma_Mo_C8:	10.0942562899
Mean_In_C8:	134.980001828
Sigma_In_C8:	12.0318767783
