Mean_Mo_C10:	93.0926960233
Sigma_Mo_C10:	10.2707564776
Mean_In_C10:	130.877412705
Sigma_In_C10:	10.4756764701
