Mean_Mo_C6:	128.18805623
Sigma_Mo_C6:	10.8042053129
Mean_Cu_C6:	64.70612391
Sigma_Cu_C6:	10.95823474
