Mean_Mo_C12:	101.861142721
Sigma_Mo_C12:	10.8368329364
Mean_Ag_C12:	131.880727687
Sigma_Ag_C12:	6.47996127522
