Mean_Mo_C0:	109.80219429
Sigma_Mo_C0:	10.2301114797
Mean_Cu_C0:	56.3003780861
Sigma_Cu_C0:	9.34227507384
