Mean_Mo_C6:	123.041916834
Sigma_Mo_C6:	10.9047062468
Mean_Ag_C6:	158.203392174
Sigma_Ag_C6:	7.92921248055
