Mean_Mo_C4:	112.638250298
Sigma_Mo_C4:	10.5262104439
Mean_Sn_C4:	161.507595774
Sigma_Sn_C4:	12.8823217214
