Mean_Mo_C9:	96.7345196247
Sigma_Mo_C9:	11.1065741246
Mean_Ag_C9:	127.34124079
Sigma_Ag_C9:	7.00939162383
