Mean_Mo_C10:	93.2626966444
Sigma_Mo_C10:	10.0895908176
Mean_Sn_C10:	136.65091391
Sigma_Sn_C10:	12.4783134466
