Mean_Mo_C2:	118.972653991
Sigma_Mo_C2:	11.3526943834
Mean_Sn_C2:	169.70829866
Sigma_Sn_C2:	12.5127990185
