Mean_Mo_C5:	122.125126837
Sigma_Mo_C5:	9.72690865359
Mean_Sn_C5:	176.363905324
Sigma_Sn_C5:	10.6689950586
