Mean_Mo_C2:	119.66304341
Sigma_Mo_C2:	13.3116217282
Mean_Ag_C2:	153.351484166
Sigma_Ag_C2:	6.88998789621
