Mean_Mo_C6:	120.994256084
Sigma_Mo_C6:	10.0319373879
Mean_In_C6:	165.951420774
Sigma_In_C6:	12.2877267115
