Mean_Mo_C13:	101.926818219
Sigma_Mo_C13:	10.5620785168
Mean_In_C13:	141.049832129
Sigma_In_C13:	10.5999052523
