Mean_Mo_C9:	90.305675286
Sigma_Mo_C9:	9.49375498197
Mean_In_C9:	129.497031199
Sigma_In_C9:	10.5053604463
