Mean_Mo_C11:	95.431998216
Sigma_Mo_C11:	10.0316719676
Mean_Sn_C11:	142.503027652
Sigma_Sn_C11:	11.4799411521
