Mean_Mo_C12:	95.9413006048
Sigma_Mo_C12:	11.7307280609
Mean_Cu_C12:	46.7661551569
Sigma_Cu_C12:	9.61630713638
