Mean_Mo_C15:	91.0603522947
Sigma_Mo_C15:	10.7034018741
Mean_Sn_C15:	134.988529892
Sigma_Sn_C15:	10.7418463993
