Mean_Mo_C15:	95.0303366729
Sigma_Mo_C15:	10.5036491814
Mean_Cu_C15:	46.8327903107
Sigma_Cu_C15:	9.24411373802
