Mean_Mo_C12:	92.3392016914
Sigma_Mo_C12:	10.2657632917
Mean_Sn_C12:	136.999838668
Sigma_Sn_C12:	10.8594185115
