Mean_Mo_C8:	101.873605851
Sigma_Mo_C8:	11.2274776688
Mean_Cu_C8:	49.8802724146
Sigma_Cu_C8:	10.0488604029
