Mean_Mo_C4:	96.8359065492
Sigma_Mo_C4:	10.2700691155
Mean_Ag_C4:	128.331009357
Sigma_Ag_C4:	7.1972291573
