Mean_Mo_C1:	95.7365297382
Sigma_Mo_C1:	11.9101556081
Mean_In_C1:	136.384434015
Sigma_In_C1:	10.4634284235
