Mean_Mo_C9:	91.7406115736
Sigma_Mo_C9:	9.74326103189
Mean_Sn_C9:	136.510726852
Sigma_Sn_C9:	12.5903202459
