Mean_Mo_C3:	99.433774143
Sigma_Mo_C3:	10.2871065552
Mean_Sn_C3:	147.166594503
Sigma_Sn_C3:	11.0400345245
