Mean_Mo_C5:	100.147586482
Sigma_Mo_C5:	9.82878073886
Mean_Sn_C5:	147.172097717
Sigma_Sn_C5:	10.8775382239
