Mean_Mo_C0:	95.2846514072
Sigma_Mo_C0:	11.8546067128
Mean_In_C0:	137.313283225
Sigma_In_C0:	10.7706103943
