Mean_Mo_C0:	98.3748154953
Sigma_Mo_C0:	13.0363789668
Mean_Ag_C0:	128.278852012
Sigma_Ag_C0:	6.42139323113
