Mean_Mo_C5:	103.984177269
Sigma_Mo_C5:	10.8368118548
Mean_Cu_C5:	51.464616015
Sigma_Cu_C5:	9.43633195051
