Mean_Mo_C14:	90.8928824405
Sigma_Mo_C14:	11.0855734965
Mean_In_C14:	130.417538864
Sigma_In_C14:	10.3534165025
