Mean_Mo_C1:	101.650097739
Sigma_Mo_C1:	11.3856674418
Mean_Cu_C1:	51.4130731601
Sigma_Cu_C1:	8.59751462782
