Mean_Mo_C6:	97.171755927
Sigma_Mo_C6:	10.0128974608
Mean_Sn_C6:	143.483122636
Sigma_Sn_C6:	11.869335917
