Mean_Mo_C12:	90.968962663
Sigma_Mo_C12:	11.0467255057
Mean_Ag_C12:	120.599179897
Sigma_Ag_C12:	6.62991706685
