Mean_Mo_C0:	97.5088799727
Sigma_Mo_C0:	10.6251577953
Mean_Sn_C0:	143.620319486
Sigma_Sn_C0:	10.8916802164
