Mean_Mo_C0:	101.709089939
Sigma_Mo_C0:	12.2945817075
Mean_Cu_C0:	50.2490774101
Sigma_Cu_C0:	9.37437780154
