Mean_Mo_C11:	100.156895935
Sigma_Mo_C11:	12.0798601798
Mean_Cu_C11:	49.3591529977
Sigma_Cu_C11:	9.76780984277
