Mean_Mo_C8:	98.4508141174
Sigma_Mo_C8:	10.1422649641
Mean_Sn_C8:	144.710592249
Sigma_Sn_C8:	11.585424219
