Mean_Mo_C1:	97.5152577926
Sigma_Mo_C1:	13.6523721996
Mean_Ag_C1:	127.73663082
Sigma_Ag_C1:	5.95975194014
