Mean_Mo_C10:	91.750594115
Sigma_Mo_C10:	12.1518380168
Mean_Ag_C10:	124.097361559
Sigma_Ag_C10:	7.54663974995
