Mean_Mo_C13:	93.6472106457
Sigma_Mo_C13:	10.6940104219
Mean_Ag_C13:	125.072311243
Sigma_Ag_C13:	7.33876775268
