Mean_Mo_C9:	95.4586210282
Sigma_Mo_C9:	11.0643716894
Mean_Cu_C9:	45.089534794
Sigma_Cu_C9:	9.63538133909
