Mean_Mo_C13:	94.4477613118
Sigma_Mo_C13:	10.7310439248
Mean_In_C13:	134.41452931
Sigma_In_C13:	10.0891510485
