Mean_Mo_C3:	98.5501878888
Sigma_Mo_C3:	10.1343430884
Mean_Ag_C3:	129.235225649
Sigma_Ag_C3:	7.32713534582
