Mean_Mo_C6:	101.884110826
Sigma_Mo_C6:	10.6446261038
Mean_Cu_C6:	49.5470022107
Sigma_Cu_C6:	9.92488401248
