Mean_Mo_C3:	102.618058521
Sigma_Mo_C3:	11.3240191727
Mean_Cu_C3:	49.7638206965
Sigma_Cu_C3:	9.01194471827
