Mean_Mo_C12:	90.8788900007
Sigma_Mo_C12:	9.37568057278
Mean_In_C12:	128.881425628
Sigma_In_C12:	11.311570363
