Mean_Mo_C13:	94.8829098072
Sigma_Mo_C13:	10.6864355681
Mean_Sn_C13:	141.12645068
Sigma_Sn_C13:	11.2433717952
