Mean_Mo_C10:	91.8811204945
Sigma_Mo_C10:	10.8402401905
Mean_In_C10:	133.149839287
Sigma_In_C10:	10.6250929603
