Mean_Mo_C8:	96.7303994203
Sigma_Mo_C8:	10.5416889919
Mean_Ag_C8:	128.103412418
Sigma_Ag_C8:	7.21065871068
