Mean_Mo_C13:	100.098332651
Sigma_Mo_C13:	12.2394595683
Mean_Cu_C13:	50.3543634841
Sigma_Cu_C13:	10.1806486982
