Mean_Mo_C4:	96.3778952308
Sigma_Mo_C4:	9.79762048776
Mean_In_C4:	137.808145316
Sigma_In_C4:	11.5685848649
