Mean_Mo_C15:	89.5303892523
Sigma_Mo_C15:	11.1100451043
Mean_In_C15:	128.402389438
Sigma_In_C15:	9.6989251569
