Mean_Mo_C3:	98.2802026072
Sigma_Mo_C3:	9.97134400872
Mean_In_C3:	139.400532721
Sigma_In_C3:	10.3074922382
