Mean_Mo_C10:	23.8950205011
Sigma_Mo_C10:	0.763847133822
Mean_Cu_C10:	242.453270178
Sigma_Cu_C10:	59.8306303334
