Mean_Mo_C4:	102.884332207
Sigma_Mo_C4:	11.8087029145
Mean_Cu_C4:	48.9946968475
Sigma_Cu_C4:	9.48488045333
