Mean_Mo_C14:	92.4570793695
Sigma_Mo_C14:	12.0852849899
Mean_Sn_C14:	138.61792801
Sigma_Sn_C14:	11.121530583
