Mean_Mo_C14:	96.9120948182
Sigma_Mo_C14:	15.6019786961
Mean_Cu_C14:	48.8319266386
Sigma_Cu_C14:	9.68453444403
