Mean_Mo_C1:	97.2722907148
Sigma_Mo_C1:	11.741154971
Mean_Sn_C1:	142.267601658
Sigma_Sn_C1:	10.7996493034
