Mean_Mo_C5:	99.4066673737
Sigma_Mo_C5:	9.69936269544
Mean_Ag_C5:	130.898585896
Sigma_Ag_C5:	5.7611657385
