Mean_Mo_C6:	97.0298891142
Sigma_Mo_C6:	10.2693843231
Mean_Ag_C6:	128.104419777
Sigma_Ag_C6:	7.24448007885
