Mean_Mo_C8:	96.3186712584
Sigma_Mo_C8:	10.0351896665
Mean_In_C8:	136.525431212
Sigma_In_C8:	12.9637174877
