Mean_Mo_C9:	90.2896110209
Sigma_Mo_C9:	9.40264655854
Mean_Ag_C9:	120.262166656
Sigma_Ag_C9:	6.93819008215
