Mean_Mo_C11:	94.7716436986
Sigma_Mo_C11:	10.1031003638
Mean_Ag_C11:	125.268976161
Sigma_Ag_C11:	6.60793438228
