Mean_Mo_C4:	97.5378942284
Sigma_Mo_C4:	9.93491010209
Mean_Sn_C4:	145.417475015
Sigma_Sn_C4:	10.7099786701
