Mean_Mo_C5:	99.0749960332
Sigma_Mo_C5:	10.0541550958
Mean_In_C5:	139.383634948
Sigma_In_C5:	10.9392272347
