Mean_Mo_C15:	90.5312563469
Sigma_Mo_C15:	13.0751365475
Mean_Ag_C15:	118.610719716
Sigma_Ag_C15:	5.32809646437
