Mean_Mo_C14:	91.498761054
Sigma_Mo_C14:	14.4904270104
Mean_Ag_C14:	122.091003453
Sigma_Ag_C14:	7.23038291331
