Mean_Mo_C11:	93.5440243703
Sigma_Mo_C11:	9.55575106872
Mean_In_C11:	134.24891325
Sigma_In_C11:	11.5150374055
