Mean_Mo_C6:	96.0094931194
Sigma_Mo_C6:	10.0719259633
Mean_In_C6:	136.4895591
Sigma_In_C6:	11.8357008937
