Mean_Mo_C10:	93.3012097659
Sigma_Mo_C10:	10.6276344433
Mean_Sn_C10:	138.105457217
Sigma_Sn_C10:	13.2586161981
