Mean_Mo_C10:	94.9109391786
Sigma_Mo_C10:	11.1726770134
Mean_Ag_C10:	125.760230217
Sigma_Ag_C10:	6.24663482672
