Mean_Mo_C8:	100.330906624
Sigma_Mo_C8:	11.9230366676
Mean_Ag_C8:	134.01494316
Sigma_Ag_C8:	7.17843318139
