Mean_Mo_C9:	92.6306530024
Sigma_Mo_C9:	11.5042121578
Mean_In_C9:	134.264168252
Sigma_In_C9:	10.8302115981
