Mean_Mo_C1:	110.893327138
Sigma_Mo_C1:	12.9952641976
Mean_Sn_C1:	164.894940916
Sigma_Sn_C1:	12.1774942085
