Mean_Mo_C12:	97.5329873415
Sigma_Mo_C12:	11.2600901184
Mean_Ag_C12:	128.652508014
Sigma_Ag_C12:	7.35682618889
