Mean_Mo_C9:	95.5886372607
Sigma_Mo_C9:	13.3275420807
Mean_Ag_C9:	127.673706259
Sigma_Ag_C9:	6.70510050576
