Mean_Mo_C13:	103.529354654
Sigma_Mo_C13:	10.6381085496
Mean_Ag_C13:	134.793010301
Sigma_Ag_C13:	7.70023599287
