Mean_Mo_C6:	93.3458094984
Sigma_Mo_C6:	10.8629243472
Mean_In_C6:	135.696603279
Sigma_In_C6:	11.1389389738
