Mean_Mo_C2:	105.187408117
Sigma_Mo_C2:	9.99029754866
Mean_In_C2:	150.470655806
Sigma_In_C2:	10.6904791458
