Mean_Mo_C5:	100.417012809
Sigma_Mo_C5:	11.2373918731
Mean_In_C5:	144.297253261
Sigma_In_C5:	9.7883216011
