Mean_Mo_C3:	95.7087255229
Sigma_Mo_C3:	10.0040769709
Mean_Cu_C3:	38.9271105258
Sigma_Cu_C3:	8.98999101074
