Mean_Mo_C8:	95.2863508283
Sigma_Mo_C8:	12.0997108082
Mean_Cu_C8:	41.5031018427
Sigma_Cu_C8:	9.52169010552
