Mean_Mo_C14:	94.9438715516
Sigma_Mo_C14:	14.0150580248
Mean_In_C14:	135.533368814
Sigma_In_C14:	7.46595083685
