Mean_Mo_C8:	97.1253739536
Sigma_Mo_C8:	11.9653341092
Mean_In_C8:	142.493539481
Sigma_In_C8:	11.0191276782
