Mean_Mo_C11:	110.192911318
Sigma_Mo_C11:	10.9852569104
Mean_Sn_C11:	160.597505058
Sigma_Sn_C11:	12.4099422793
