Mean_Mo_C6:	90.4224785768
Sigma_Mo_C6:	10.4452246709
Mean_Cu_C6:	35.4186278157
Sigma_Cu_C6:	8.92765983396
