Mean_Mo_C9:	90.3739649576
Sigma_Mo_C9:	12.2069461967
Mean_Cu_C9:	38.5786999742
Sigma_Cu_C9:	8.99608456018
