Mean_Mo_C5:	102.542392547
Sigma_Mo_C5:	10.1641022954
Mean_Sn_C5:	153.032271483
Sigma_Sn_C5:	11.7529442693
