Mean_Mo_C1:	109.557724553
Sigma_Mo_C1:	13.6699218497
Mean_In_C1:	156.497224866
Sigma_In_C1:	10.5350700853
