Mean_Mo_C15:	95.1992061717
Sigma_Mo_C15:	11.2841705685
Mean_Cu_C15:	41.5574957755
Sigma_Cu_C15:	8.63349440318
