Mean_Mo_C0:	108.527987689
Sigma_Mo_C0:	11.5365189064
Mean_In_C0:	157.389012254
Sigma_In_C0:	11.7012724582
