Mean_Mo_C14:	97.3291253069
Sigma_Mo_C14:	13.6376461654
Mean_Ag_C14:	129.340208449
Sigma_Ag_C14:	6.92632557279
