Mean_Mo_C15:	99.7687350531
Sigma_Mo_C15:	10.5738835803
Mean_Sn_C15:	146.834986839
Sigma_Sn_C15:	10.9687945709
