Mean_Mo_C4:	100.424640567
Sigma_Mo_C4:	11.0862453517
Mean_Ag_C4:	133.170902176
Sigma_Ag_C4:	6.94680276277
