Mean_Mo_C4:	97.1619230251
Sigma_Mo_C4:	10.5858166504
Mean_In_C4:	140.621710382
Sigma_In_C4:	11.0533919896
