Mean_Mo_C11:	109.95380993
Sigma_Mo_C11:	11.8934241912
Mean_Ag_C11:	144.710400356
Sigma_Ag_C11:	7.79822938499
