Mean_Mo_C3:	100.036716726
Sigma_Mo_C3:	11.549142434
Mean_Ag_C3:	132.733077154
Sigma_Ag_C3:	7.03542767082
