Mean_Mo_C0:	106.589922979
Sigma_Mo_C0:	11.9196372789
Mean_Cu_C0:	44.8383957505
Sigma_Cu_C0:	9.03249161214
