Mean_Mo_C15:	101.288752623
Sigma_Mo_C15:	12.0600247245
Mean_Ag_C15:	131.159812911
Sigma_Ag_C15:	6.86798397793
