Mean_Mo_C1:	105.43868981
Sigma_Mo_C1:	11.654130467
Mean_Cu_C1:	44.7177706543
Sigma_Cu_C1:	9.32807356904
