Mean_Mo_C6:	95.7046609256
Sigma_Mo_C6:	11.019148647
Mean_Ag_C6:	127.880749364
Sigma_Ag_C6:	6.62988530464
