Mean_Mo_C3:	100.267151033
Sigma_Mo_C3:	9.55889628081
Mean_Sn_C3:	148.930104013
Sigma_Sn_C3:	10.7375560035
