Mean_Mo_C1:	111.467307518
Sigma_Mo_C1:	13.2753468995
Mean_Ag_C1:	147.7463922
Sigma_Ag_C1:	7.34799455713
