Mean_Mo_C14:	97.9580920326
Sigma_Mo_C14:	11.3059037337
Mean_Sn_C14:	143.129788715
Sigma_Sn_C14:	10.3054008823
