Mean_Mo_C2:	106.864563337
Sigma_Mo_C2:	11.6435676419
Mean_Sn_C2:	158.14480254
Sigma_Sn_C2:	11.3556466324
