Mean_Mo_C9:	95.0447752795
Sigma_Mo_C9:	10.705053528
Mean_Sn_C9:	141.52569365
Sigma_Sn_C9:	12.2041264992
