Mean_Mo_C12:	94.4975888376
Sigma_Mo_C12:	10.9329298269
Mean_In_C12:	135.777110486
Sigma_In_C12:	10.5241616038
