Mean_Mo_C13:	99.0268403247
Sigma_Mo_C13:	10.5577031377
Mean_Cu_C13:	44.5012145872
Sigma_Cu_C13:	8.27213551905
