Mean_Mo_C12:	96.9746036165
Sigma_Mo_C12:	10.6870664188
Mean_Sn_C12:	144.868584055
Sigma_Sn_C12:	11.1577167099
