Mean_Mo_C2:	107.377287515
Sigma_Mo_C2:	11.6482532275
Mean_Ag_C2:	141.594364225
Sigma_Ag_C2:	8.12614214024
