Mean_Mo_C11:	106.967083762
Sigma_Mo_C11:	10.7034267848
Mean_In_C11:	151.204934771
Sigma_In_C11:	13.1742887509
