Mean_Mo_C5:	103.340435312
Sigma_Mo_C5:	11.271547498
Mean_Ag_C5:	136.469486534
Sigma_Ag_C5:	7.32138201233
