Mean_Mo_C2:	103.522212022
Sigma_Mo_C2:	10.9523618209
Mean_Cu_C2:	43.4812779637
Sigma_Cu_C2:	9.21888082053
