Mean_Mo_C4:	95.5220434504
Sigma_Mo_C4:	10.2019489369
Mean_Cu_C4:	39.551750539
Sigma_Cu_C4:	8.92234969805
