Mean_Mo_C6:	95.3861784343
Sigma_Mo_C6:	10.3718380792
Mean_Sn_C6:	143.029271042
Sigma_Sn_C6:	11.6294194817
