Mean_Mo_C14:	93.1205735531
Sigma_Mo_C14:	11.2885777027
Mean_Cu_C14:	41.7159251706
Sigma_Cu_C14:	8.36719269854
