Mean_Mo_C5:	97.6159558619
Sigma_Mo_C5:	10.9234904877
Mean_Cu_C5:	41.0140133529
Sigma_Cu_C5:	8.65145026843
