Mean_Mo_C15:	97.4648828895
Sigma_Mo_C15:	10.5957523088
Mean_In_C15:	138.170770009
Sigma_In_C15:	11.1586910576
