Mean_Mo_C12:	90.780962098
Sigma_Mo_C12:	10.479718919
Mean_Cu_C12:	37.1405451284
Sigma_Cu_C12:	8.99319677083
