Mean_Mo_C11:	103.852312143
Sigma_Mo_C11:	10.2955254193
Mean_Cu_C11:	43.9076291368
Sigma_Cu_C11:	9.70867312064
