Mean_Mo_C0:	111.203979509
Sigma_Mo_C0:	11.2639885909
Mean_Ag_C0:	145.796569683
Sigma_Ag_C0:	8.15938121411
