Mean_Mo_C10:	93.408095854
Sigma_Mo_C10:	11.0915530195
Mean_In_C10:	133.611978547
Sigma_In_C10:	10.213099104
