Mean_Mo_C4:	99.4262108084
Sigma_Mo_C4:	10.9246247038
Mean_Sn_C4:	148.719174835
Sigma_Sn_C4:	12.2780199355
