Mean_Mo_C10:	94.2461090165
Sigma_Mo_C10:	10.6533247829
Mean_Sn_C10:	140.63116812
Sigma_Sn_C10:	10.8673629218
