Mean_Mo_C0:	112.310416574
Sigma_Mo_C0:	11.4452553961
Mean_Sn_C0:	165.52432916
Sigma_Sn_C0:	12.2949287936
