Mean_Mo_C13:	100.588249815
Sigma_Mo_C13:	11.5562412219
Mean_In_C13:	142.378979616
Sigma_In_C13:	11.498585856
