Mean_Mo_C3:	98.8388890794
Sigma_Mo_C3:	11.5299998551
Mean_In_C3:	141.36877034
Sigma_In_C3:	10.0139118145
