Mean_Mo_C10:	90.1279582931
Sigma_Mo_C10:	9.79293517614
Mean_Cu_C10:	38.8283167127
Sigma_Cu_C10:	8.70442225204
