Mean_Mo_C8:	98.9144967279
Sigma_Mo_C8:	13.210421749
Mean_Sn_C8:	150.769803307
Sigma_Sn_C8:	10.6607905287
