Mean_Mo_C13:	103.236764792
Sigma_Mo_C13:	9.74887100452
Mean_Sn_C13:	151.381856045
Sigma_Sn_C13:	11.9570398473
