Mean_Mo_C12:	69.1067616635
Sigma_Mo_C12:	10.7479754227
Mean_In_C12:	106.39700922
Sigma_In_C12:	7.11992856785
