Mean_Mo_C8:	66.8731161208
Sigma_Mo_C8:	10.9063461143
Mean_Ag_C8:	96.2516855858
Sigma_Ag_C8:	6.64817292811
