Mean_Mo_C2:	70.8800651693
Sigma_Mo_C2:	11.9590670297
Mean_Ag_C2:	99.7960879397
Sigma_Ag_C2:	6.80145180637
