Mean_Mo_C2:	69.8731868033
Sigma_Mo_C2:	11.1748844919
Mean_In_C2:	107.45524575
Sigma_In_C2:	8.97755000045
