Mean_Mo_C7:	75.5314960924
Sigma_Mo_C7:	11.1590077803
Mean_Ag_C7:	104.094769382
Sigma_Ag_C7:	6.28302475428
