Mean_Mo_C15:	75.0355617815
Sigma_Mo_C15:	10.6567269647
Mean_Cu_C15:	29.3861316272
Sigma_Cu_C15:	9.0713382771
