Mean_Mo_C6:	75.2038927017
Sigma_Mo_C6:	10.3537867902
Mean_Cu_C6:	27.2190844607
Sigma_Cu_C6:	10.3189362201
