Mean_Mo_C15:	74.2860331388
Sigma_Mo_C15:	13.277706302
Mean_Sn_C15:	116.31218034
Sigma_Sn_C15:	9.28249332936
