Mean_Mo_C12:	70.5685203271
Sigma_Mo_C12:	10.1579733898
Mean_Cu_C12:	26.2264564092
Sigma_Cu_C12:	8.66857763763
