Mean_Mo_C4:	66.3943370075
Sigma_Mo_C4:	9.97766245359
Mean_Ag_C4:	92.9224398497
Sigma_Ag_C4:	5.97466927093
