Mean_Mo_C4:	66.0154082421
Sigma_Mo_C4:	9.12747772809
Mean_In_C4:	100.732438573
Sigma_In_C4:	8.96956458246
