Mean_Mo_C13:	74.0823147743
Sigma_Mo_C13:	10.6298208243
Mean_In_C13:	110.886957628
Sigma_In_C13:	9.46532837159
