Mean_Mo_C0:	74.6628114009
Sigma_Mo_C0:	10.4266785915
Mean_Sn_C0:	114.736819615
Sigma_Sn_C0:	11.3139577044
