Mean_Mo_C7:	77.338493172
Sigma_Mo_C7:	9.98738192102
Mean_Cu_C7:	32.00474946
Sigma_Cu_C7:	9.59026955079
