Mean_Mo_C13:	74.2448927292
Sigma_Mo_C13:	10.3244087927
Mean_Sn_C13:	115.334546394
Sigma_Sn_C13:	12.5057953895
