Mean_Mo_C3:	69.5901254506
Sigma_Mo_C3:	10.8036956727
Mean_Ag_C3:	97.8442907206
Sigma_Ag_C3:	6.71375215584
