Mean_Mo_C12:	70.4913789804
Sigma_Mo_C12:	11.148315605
Mean_Ag_C12:	98.9112318664
Sigma_Ag_C12:	5.74991946808
