Mean_Mo_C5:	70.6774540919
Sigma_Mo_C5:	9.68940539645
Mean_Cu_C5:	25.9256040618
Sigma_Cu_C5:	8.87715008153
