Mean_Mo_C2:	71.6907462391
Sigma_Mo_C2:	10.7386239875
Mean_Cu_C2:	26.5696294825
Sigma_Cu_C2:	9.63539752461
