Mean_Mo_C1:	85.5792434481
Sigma_Mo_C1:	13.6459515077
Mean_Ag_C1:	114.319123789
Sigma_Ag_C1:	7.32542212448
