Mean_Mo_C8:	67.8448737179
Sigma_Mo_C8:	9.72145446672
Mean_Cu_C8:	24.2076630053
Sigma_Cu_C8:	9.09729753628
