Mean_Mo_C1:	82.4923964394
Sigma_Mo_C1:	13.0657081535
Mean_Sn_C1:	128.000352285
Sigma_Sn_C1:	10.6685950285
