Mean_Mo_C8:	66.7509074851
Sigma_Mo_C8:	9.77531413185
Mean_In_C8:	102.339728265
Sigma_In_C8:	11.4641232932
