Mean_Mo_C11:	70.7525593568
Sigma_Mo_C11:	10.4231899331
Mean_Cu_C11:	25.5771631396
Sigma_Cu_C11:	9.70266982079
