Mean_Mo_C8:	66.6664957863
Sigma_Mo_C8:	10.938808951
Mean_Sn_C8:	106.739331894
Sigma_Sn_C8:	12.5487445319
