Mean_Mo_C0:	76.9292495825
Sigma_Mo_C0:	10.2735087866
Mean_Cu_C0:	32.9654504981
Sigma_Cu_C0:	7.57850531234
