Mean_Mo_C14:	79.1662720907
Sigma_Mo_C14:	10.6767170935
Mean_Cu_C14:	33.3833204492
Sigma_Cu_C14:	8.66326068002
