Mean_Mo_C6:	73.1621589419
Sigma_Mo_C6:	11.640546797
Mean_In_C6:	112.564108404
Sigma_In_C6:	10.7750159747
