Mean_Mo_C11:	69.2617810324
Sigma_Mo_C11:	11.1577691717
Mean_Sn_C11:	111.841995028
Sigma_Sn_C11:	12.0933721215
