Mean_Mo_C15:	74.8519520817
Sigma_Mo_C15:	12.4355386544
Mean_In_C15:	112.794629448
Sigma_In_C15:	8.63434365888
