Mean_Mo_C10:	74.292183043
Sigma_Mo_C10:	10.3154378747
Mean_Sn_C10:	115.861929942
Sigma_Sn_C10:	14.2244870497
