Mean_Mo_C6:	74.3150328973
Sigma_Mo_C6:	11.1946104048
Mean_Ag_C6:	104.380149132
Sigma_Ag_C6:	6.492723404
