Mean_Mo_C11:	69.3837590515
Sigma_Mo_C11:	10.9322992404
Mean_In_C11:	107.310470626
Sigma_In_C11:	8.11524653198
