Mean_Mo_C9:	68.4322140346
Sigma_Mo_C9:	10.6773417165
Mean_Ag_C9:	96.9865154996
Sigma_Ag_C9:	6.94461189008
