Mean_Mo_C1:	82.71521248
Sigma_Mo_C1:	13.2099134253
Mean_In_C1:	123.948693094
Sigma_In_C1:	10.2034841424
