Mean_Mo_C7:	75.2509324852
Sigma_Mo_C7:	10.8956944084
Mean_Sn_C7:	116.920293921
Sigma_Sn_C7:	12.7460911673
