Mean_Mo_C14:	76.9832659384
Sigma_Mo_C14:	16.1904687744
Mean_In_C14:	116.740210863
Sigma_In_C14:	7.2956926041
