Mean_Mo_C14:	75.8769158355
Sigma_Mo_C14:	13.0685891642
Mean_Sn_C14:	120.056442138
Sigma_Sn_C14:	11.0554584605
