Mean_Mo_C3:	68.3177805488
Sigma_Mo_C3:	9.85678798526
Mean_In_C3:	103.762633988
Sigma_In_C3:	9.45879339106
