Mean_Mo_C13:	75.5542410627
Sigma_Mo_C13:	9.1343126861
Mean_Cu_C13:	29.9866128616
Sigma_Cu_C13:	8.94156692372
