Mean_Mo_C0:	75.8116745617
Sigma_Mo_C0:	11.5529737332
Mean_Ag_C0:	103.18893678
Sigma_Ag_C0:	6.08862391149
