Mean_Mo_C12:	69.1250139609
Sigma_Mo_C12:	10.6151304677
Mean_Sn_C12:	109.895559699
Sigma_Sn_C12:	10.8601084101
