Mean_Mo_C5:	68.0372102103
Sigma_Mo_C5:	10.5004427522
Mean_In_C5:	105.896224216
Sigma_In_C5:	10.5358022598
