Mean_Mo_C10:	76.3081926948
Sigma_Mo_C10:	9.67886158895
Mean_Cu_C10:	28.8019034021
Sigma_Cu_C10:	8.95205572659
