Mean_Mo_C3:	70.1416258388
Sigma_Mo_C3:	9.72357133547
Mean_Cu_C3:	28.4415474078
Sigma_Cu_C3:	8.00017775658
