Mean_Mo_C15:	75.4403747525
Sigma_Mo_C15:	22.4226616578
Mean_Ag_C15:	102.341781837
Sigma_Ag_C15:	4.70703108492
