Mean_Mo_C9:	69.0888635607
Sigma_Mo_C9:	9.59254814464
Mean_Cu_C9:	26.4386529789
Sigma_Cu_C9:	8.40688822477
