Mean_Mo_C2:	70.149054969
Sigma_Mo_C2:	11.6419284939
Mean_Sn_C2:	111.917611866
Sigma_Sn_C2:	11.1458540874
