Mean_Mo_C0:	75.1034692122
Sigma_Mo_C0:	10.70526463
Mean_In_C0:	111.229167939
Sigma_In_C0:	7.98862315759
