Mean_Mo_C14:	76.8581964526
Sigma_Mo_C14:	14.4040740197
Mean_Ag_C14:	105.294140566
Sigma_Ag_C14:	7.72312637987
