Mean_Mo_C4:	65.3991263141
Sigma_Mo_C4:	9.7177406428
Mean_Sn_C4:	104.817040277
Sigma_Sn_C4:	10.9892884418
