Mean_Mo_C5:	68.9095887763
Sigma_Mo_C5:	10.543530274
Mean_Sn_C5:	110.294874648
Sigma_Sn_C5:	11.1521211737
