Mean_Mo_C1:	85.2778054896
Sigma_Mo_C1:	11.7610820445
Mean_Cu_C1:	36.9910766041
Sigma_Cu_C1:	8.94797698457
