Mean_Mo_C3:	68.9950949071
Sigma_Mo_C3:	10.2617146046
Mean_Sn_C3:	108.748944279
Sigma_Sn_C3:	11.5787745311
