Mean_Mo_C10:	73.5280987119
Sigma_Mo_C10:	10.4698030511
Mean_In_C10:	114.215281563
Sigma_In_C10:	9.01647323254
