Mean_Mo_C9:	67.5594115937
Sigma_Mo_C9:	9.85819025227
Mean_Sn_C9:	107.137676512
Sigma_Sn_C9:	12.1731834
