Mean_Mo_C5:	69.607963871
Sigma_Mo_C5:	10.7030064554
Mean_Ag_C5:	98.5360946369
Sigma_Ag_C5:	6.60618068392
