Mean_Mo_C9:	67.9874281559
Sigma_Mo_C9:	9.79468275601
Mean_In_C9:	103.67729286
Sigma_In_C9:	9.13453117036
