Mean_Mo_C13:	74.443693887
Sigma_Mo_C13:	11.877136507
Mean_Ag_C13:	103.691244551
Sigma_Ag_C13:	6.81746015036
