Mean_Mo_C6:	73.3892756981
Sigma_Mo_C6:	11.2501936688
Mean_Sn_C6:	116.851748859
Sigma_Sn_C6:	13.5264664632
