Mean_Mo_C7:	74.9089262751
Sigma_Mo_C7:	10.5690608258
Mean_In_C7:	112.422236682
Sigma_In_C7:	10.6429922161
