Mean_Mo_C4:	66.5880545976
Sigma_Mo_C4:	8.97382266626
Mean_Cu_C4:	24.0976676913
Sigma_Cu_C4:	7.67490157712
