Mean_Mo_C10:	32.0061879722
Sigma_Mo_C10:	14.8056006829
Mean_Ag_C10:	76.0203239757
Sigma_Ag_C10:	13.2053995026
