Mean_Mo_C11:	69.6838304199
Sigma_Mo_C11:	11.2433712815
Mean_Ag_C11:	99.789693152
Sigma_Ag_C11:	7.09243911729
