Mean_Mo_C14:	116.313865814
Sigma_Mo_C14:	9.8927742187
Mean_Ag_C14:	155.083164054
Sigma_Ag_C14:	17.6513058918
