Mean_Mo_C13:	85.6171078723
Sigma_Mo_C13:	10.215464087
Mean_Cu_C13:	42.6872810648
Sigma_Cu_C13:	8.43801157494
