Mean_Mo_C13:	85.666671352
Sigma_Mo_C13:	12.6687512528
Mean_Ag_C13:	114.264598429
Sigma_Ag_C13:	6.72115904712
