Mean_Mo_C2:	85.5075811188
Sigma_Mo_C2:	9.61299123032
Mean_Cu_C2:	40.727833222
Sigma_Cu_C2:	7.73007594367
