Mean_Mo_C2:	84.4188476863
Sigma_Mo_C2:	9.75919527024
Mean_In_C2:	119.687078416
Sigma_In_C2:	8.57934488271
