Mean_Mo_C7:	85.3251360369
Sigma_Mo_C7:	10.4726633185
Mean_In_C7:	121.740642834
Sigma_In_C7:	10.3841387693
