Mean_Mo_C5:	94.2992201152
Sigma_Mo_C5:	9.7764940677
Mean_Cu_C5:	42.5817813771
Sigma_Cu_C5:	8.55380483888
