Mean_Mo_C0:	90.8726751908
Sigma_Mo_C0:	12.4648059203
Mean_Ag_C0:	119.005783676
Sigma_Ag_C0:	6.56063182867
