Mean_Mo_C11:	87.3776144193
Sigma_Mo_C11:	10.0208893192
Mean_Sn_C11:	128.741393112
Sigma_Sn_C11:	11.5367014268
