Mean_Mo_C11:	87.32035503
Sigma_Mo_C11:	9.20691435231
Mean_Cu_C11:	40.9817040113
Sigma_Cu_C11:	7.4861864857
