Mean_Mo_C5:	93.1168243344
Sigma_Mo_C5:	10.3675465718
Mean_Sn_C5:	139.324408624
Sigma_Sn_C5:	12.7360028243
