Mean_Mo_C12:	86.168125829
Sigma_Mo_C12:	10.927639771
Mean_Ag_C12:	114.38422386
Sigma_Ag_C12:	6.76183859696
