Mean_Mo_C12:	86.2151245748
Sigma_Mo_C12:	9.44850075558
Mean_Cu_C12:	39.8586831043
Sigma_Cu_C12:	7.46214563064
