Mean_Mo_C3:	84.3492501822
Sigma_Mo_C3:	11.0159964441
Mean_In_C3:	122.168956804
Sigma_In_C3:	9.37247356747
