Mean_Mo_C10:	87.6917110341
Sigma_Mo_C10:	9.9155583706
Mean_In_C10:	125.669655804
Sigma_In_C10:	10.3125896242
