Mean_Mo_C10:	89.3721411708
Sigma_Mo_C10:	9.32401917646
Mean_Cu_C10:	41.1033499893
Sigma_Cu_C10:	7.97735112382
