Mean_Mo_C1:	95.1791085661
Sigma_Mo_C1:	12.1883728298
Mean_Sn_C1:	141.884784416
Sigma_Sn_C1:	12.4613271312
