Mean_Mo_C0:	89.6447125537
Sigma_Mo_C0:	10.6634320095
Mean_Cu_C0:	43.2621901797
Sigma_Cu_C0:	8.58645250302
