Mean_Mo_C11:	87.7269581556
Sigma_Mo_C11:	9.92786938536
Mean_Ag_C11:	116.009451707
Sigma_Ag_C11:	6.15896706026
