Mean_Mo_C7:	86.2447979093
Sigma_Mo_C7:	10.3555266849
Mean_Cu_C7:	43.0285690407
Sigma_Cu_C7:	9.32152908474
