Mean_Mo_C15:	85.590763577
Sigma_Mo_C15:	11.9834048979
Mean_In_C15:	123.658390866
Sigma_In_C15:	8.33945450792
