Mean_Mo_C15:	85.0738004902
Sigma_Mo_C15:	11.0299944193
Mean_Cu_C15:	39.7915918367
Sigma_Cu_C15:	7.82246101692
