Mean_Mo_C6:	89.355523331
Sigma_Mo_C6:	9.90329714951
Mean_Cu_C6:	41.985644124
Sigma_Cu_C6:	8.40392821678
