Mean_Mo_C2:	84.7096441755
Sigma_Mo_C2:	10.605145944
Mean_Ag_C2:	111.203521577
Sigma_Ag_C2:	5.14207088555
