Mean_Mo_C14:	92.7171370433
Sigma_Mo_C14:	11.2413110419
Mean_Cu_C14:	46.4370702128
Sigma_Cu_C14:	7.35194602211
