Mean_Mo_C9:	91.2434151106
Sigma_Mo_C9:	10.6027221102
Mean_In_C9:	131.453447775
Sigma_In_C9:	10.2048310993
