Mean_Mo_C9:	91.6861785574
Sigma_Mo_C9:	10.1762649251
Mean_Ag_C9:	122.093757205
Sigma_Ag_C9:	7.11427251516
