Mean_Mo_C12:	85.8114503372
Sigma_Mo_C12:	10.2545803296
Mean_In_C12:	122.418306014
Sigma_In_C12:	9.58870563825
