Mean_Mo_C4:	82.5358629438
Sigma_Mo_C4:	9.03470630276
Mean_Sn_C4:	123.323133234
Sigma_Sn_C4:	11.0548749676
