Mean_Mo_C1:	95.6136411781
Sigma_Mo_C1:	13.3163991468
Mean_Ag_C1:	128.623075613
Sigma_Ag_C1:	5.61064389117
