Mean_Mo_C4:	83.7581364894
Sigma_Mo_C4:	9.05185348398
Mean_Cu_C4:	38.5328338075
Sigma_Cu_C4:	7.59770784064
