Mean_Mo_C3:	85.1888784542
Sigma_Mo_C3:	11.9893970939
Mean_Ag_C3:	113.600654895
Sigma_Ag_C3:	6.31733791361
