Mean_Mo_C7:	85.2932253966
Sigma_Mo_C7:	10.8361322992
Mean_Sn_C7:	126.755774868
Sigma_Sn_C7:	13.2338096669
