Mean_Mo_C6:	88.1477988088
Sigma_Mo_C6:	10.1321683034
Mean_Sn_C6:	131.271644036
Sigma_Sn_C6:	12.206267392
