Mean_Mo_C6:	88.7099429467
Sigma_Mo_C6:	10.2315691951
Mean_Ag_C6:	118.388642151
Sigma_Ag_C6:	7.19224989737
