Mean_Mo_C8:	93.0525894992
Sigma_Mo_C8:	10.0633474992
Mean_In_C8:	132.768905324
Sigma_In_C8:	12.4978816416
