Mean_Mo_C12:	85.4456117735
Sigma_Mo_C12:	10.1449343399
Mean_Sn_C12:	127.649361804
Sigma_Sn_C12:	11.5195629502
