Mean_Mo_C8:	92.8390701705
Sigma_Mo_C8:	10.0231341047
Mean_Ag_C8:	124.039380826
Sigma_Ag_C8:	6.04255176614
