Mean_Mo_C6:	88.0981294698
Sigma_Mo_C6:	10.3810832852
Mean_In_C6:	126.379239219
Sigma_In_C6:	11.2311310429
