Mean_Mo_C1:	94.7804292865
Sigma_Mo_C1:	12.923745372
Mean_In_C1:	136.428553529
Sigma_In_C1:	10.1286446705
