Mean_Mo_C4:	83.5968308455
Sigma_Mo_C4:	10.7865554496
Mean_Ag_C4:	110.768003247
Sigma_Ag_C4:	5.1115316921
