Mean_Mo_C5:	92.9956795544
Sigma_Mo_C5:	10.3966371352
Mean_In_C5:	133.330466405
Sigma_In_C5:	10.730076829
