Mean_Mo_C8:	92.4738544242
Sigma_Mo_C8:	10.1659249683
Mean_Cu_C8:	41.4775457471
Sigma_Cu_C8:	9.33148914598
