Mean_Mo_C14:	91.9281958285
Sigma_Mo_C14:	10.3251621566
Mean_Sn_C14:	134.58431485
Sigma_Sn_C14:	10.8872848501
