Mean_Mo_C0:	88.2789822581
Sigma_Mo_C0:	11.1620061677
Mean_Sn_C0:	132.256423463
Sigma_Sn_C0:	10.4831941485
