Mean_Mo_C7:	85.609407968
Sigma_Mo_C7:	11.8516650334
Mean_Ag_C7:	115.306831851
Sigma_Ag_C7:	6.65045020444
