Mean_Mo_C8:	92.6913732533
Sigma_Mo_C8:	9.92835384655
Mean_Sn_C8:	138.7605918
Sigma_Sn_C8:	11.9702158914
