Mean_Mo_C10:	88.4641700777
Sigma_Mo_C10:	10.010946579
Mean_Sn_C10:	130.403694661
Sigma_Sn_C10:	12.3341795038
