Mean_Mo_C3:	83.8830183881
Sigma_Mo_C3:	10.6785139731
Mean_Sn_C3:	125.57502477
Sigma_Sn_C3:	10.3470964846
