Mean_Mo_C9:	91.3985077023
Sigma_Mo_C9:	9.87939734303
Mean_Sn_C9:	137.090159335
Sigma_Sn_C9:	12.2473133179
