Mean_Mo_C1:	97.9445014877
Sigma_Mo_C1:	10.2598717855
Mean_Cu_C1:	46.9240109771
Sigma_Cu_C1:	7.93641176136
