Mean_Mo_C2:	84.5012725339
Sigma_Mo_C2:	10.1767815698
Mean_Sn_C2:	124.379922824
Sigma_Sn_C2:	12.9318093619
