Mean_Mo_C14:	92.542766785
Sigma_Mo_C14:	11.67329691
Mean_In_C14:	130.166608658
Sigma_In_C14:	8.71249839285
