Mean_Mo_C13:	85.042862997
Sigma_Mo_C13:	10.1697656024
Mean_Sn_C13:	126.238805675
Sigma_Sn_C13:	11.7784306274
