Mean_Mo_C15:	86.0092535257
Sigma_Mo_C15:	11.6005990531
Mean_Sn_C15:	128.302298409
Sigma_Sn_C15:	9.48554576263
