Mean_Mo_C11:	86.8995116209
Sigma_Mo_C11:	10.2021867227
Mean_In_C11:	124.906918909
Sigma_In_C11:	10.3443012367
