Mean_Mo_C13:	84.983633289
Sigma_Mo_C13:	11.264955987
Mean_In_C13:	121.837281819
Sigma_In_C13:	7.85941849368
