Mean_Mo_C3:	85.4121751668
Sigma_Mo_C3:	10.8896520802
Mean_Cu_C3:	40.9049291174
Sigma_Cu_C3:	7.76535040026
