Mean_Mo_C4:	83.0083364062
Sigma_Mo_C4:	9.55513560457
Mean_In_C4:	119.177491299
Sigma_In_C4:	9.60074102346
