Mean_Mo_C0:	88.9468609323
Sigma_Mo_C0:	12.2663870901
Mean_In_C0:	127.968466237
Sigma_In_C0:	10.4980892821
