Mean_Mo_C9:	91.9438700976
Sigma_Mo_C9:	10.2395678512
Mean_Cu_C9:	40.7620628451
Sigma_Cu_C9:	9.14504471193
