Mean_Mo_C10:	89.0513625845
Sigma_Mo_C10:	9.93412394507
Mean_Ag_C10:	117.973714043
Sigma_Ag_C10:	6.48965767017
