Mean_Mo_C15:	84.8282109191
Sigma_Mo_C15:	12.8669015225
Mean_Ag_C15:	113.144496541
Sigma_Ag_C15:	6.4914487696
