Mean_Mo_C5:	93.7237068083
Sigma_Mo_C5:	10.8418948268
Mean_Ag_C5:	125.058187978
Sigma_Ag_C5:	7.43348334996
