Mean_Mo_C6:	88.9542074553
Sigma_Mo_C6:	9.89235589215
Mean_Cu_C6:	41.7837291206
Sigma_Cu_C6:	7.42959637503
