Mean_Mo_C9:	88.9647345594
Sigma_Mo_C9:	13.1812087682
Mean_Sn_C9:	135.204010202
Sigma_Sn_C9:	10.9789917966
