Mean_Mo_C6:	88.5236979689
Sigma_Mo_C6:	10.506731403
Mean_Ag_C6:	118.289574443
Sigma_Ag_C6:	6.92754288897
