Mean_Mo_C8:	91.4986450816
Sigma_Mo_C8:	13.1461820251
Mean_In_C8:	133.80691934
Sigma_In_C8:	9.56278549569
