Mean_Mo_C12:	91.5408311145
Sigma_Mo_C12:	10.0126438777
Mean_Sn_C12:	136.040647691
Sigma_Sn_C12:	11.3773063224
