Mean_Mo_C3:	92.5755890784
Sigma_Mo_C3:	10.4896458813
Mean_Ag_C3:	121.005649237
Sigma_Ag_C3:	6.43889761132
