Mean_Mo_C12:	92.2561120868
Sigma_Mo_C12:	9.82865467899
Mean_In_C12:	130.954021215
Sigma_In_C12:	9.93951518335
