Mean_Mo_C14:	101.398237536
Sigma_Mo_C14:	12.2853873605
Mean_In_C14:	143.520717991
Sigma_In_C14:	9.60715349728
