Mean_Mo_C1:	92.7432387683
Sigma_Mo_C1:	10.2462703046
Mean_Cu_C1:	42.828692193
Sigma_Cu_C1:	7.84575844579
