Mean_Mo_C10:	87.1883229454
Sigma_Mo_C10:	10.4472375129
Mean_Sn_C10:	130.062357298
Sigma_Sn_C10:	11.5930386578
