Mean_Mo_C3:	92.9436309966
Sigma_Mo_C3:	9.64442360672
Mean_In_C3:	131.406052092
Sigma_In_C3:	10.6417926038
