Mean_Mo_C15:	105.012342263
Sigma_Mo_C15:	10.3946243818
Mean_Ag_C15:	137.641399639
Sigma_Ag_C15:	6.93426440377
