Mean_Mo_C11:	95.3249668808
Sigma_Mo_C11:	10.6005620083
Mean_In_C11:	135.257838789
Sigma_In_C11:	11.2322301971
