Mean_Mo_C5:	91.6169807952
Sigma_Mo_C5:	10.0464306887
Mean_Cu_C5:	42.7691825409
Sigma_Cu_C5:	8.04684604343
