Mean_Mo_C4:	96.5819731748
Sigma_Mo_C4:	10.6607541436
Mean_Ag_C4:	126.502486891
Sigma_Ag_C4:	6.87085531263
