Mean_Mo_C11:	94.8336146227
Sigma_Mo_C11:	9.63774691215
Mean_Cu_C11:	44.1451568993
Sigma_Cu_C11:	8.12139629752
