Mean_Mo_C8:	89.9867676377
Sigma_Mo_C8:	11.9297462263
Mean_Ag_C8:	122.44419372
Sigma_Ag_C8:	6.90458516163
