Mean_Mo_C14:	101.269455133
Sigma_Mo_C14:	11.6007453143
Mean_Ag_C14:	132.994331182
Sigma_Ag_C14:	7.50718243896
