Mean_Mo_C10:	87.4164666471
Sigma_Mo_C10:	9.68891458782
Mean_Cu_C10:	41.8836228315
Sigma_Cu_C10:	7.52986866734
