Mean_Mo_C1:	92.9448427021
Sigma_Mo_C1:	11.3255327146
Mean_Sn_C1:	137.98378432
Sigma_Sn_C1:	10.2572380542
