Mean_Mo_C13:	94.5327633563
Sigma_Mo_C13:	10.5253703028
Mean_In_C13:	132.199563647
Sigma_In_C13:	9.26097583143
