Mean_Mo_C7:	89.8731621338
Sigma_Mo_C7:	10.8757647376
Mean_Cu_C7:	41.846191149
Sigma_Cu_C7:	8.71660924297
