Mean_Mo_C1:	92.7355999247
Sigma_Mo_C1:	11.4683447502
Mean_Ag_C1:	121.763212713
Sigma_Ag_C1:	5.49698911087
