Mean_Mo_C3:	92.273971324
Sigma_Mo_C3:	9.75916424676
Mean_Cu_C3:	42.2793197675
Sigma_Cu_C3:	7.71910879317
