Mean_Mo_C13:	93.8697912853
Sigma_Mo_C13:	8.93842518393
Mean_Cu_C13:	45.0081449124
Sigma_Cu_C13:	7.53404304467
