Mean_Mo_C15:	104.719874619
Sigma_Mo_C15:	10.5484119639
Mean_Cu_C15:	47.6674991189
Sigma_Cu_C15:	8.44253338085
