Mean_Mo_C14:	101.025488341
Sigma_Mo_C14:	11.3178057635
Mean_Cu_C14:	46.5294830174
Sigma_Cu_C14:	8.75826017596
