Mean_Mo_C12:	92.4943013784
Sigma_Mo_C12:	10.1437115729
Mean_Cu_C12:	43.0866651941
Sigma_Cu_C12:	8.39464238711
