Mean_Mo_C4:	95.4858698738
Sigma_Mo_C4:	9.30629951572
Mean_Cu_C4:	45.6657849281
Sigma_Cu_C4:	7.90435074445
