Mean_Mo_C11:	94.7769171386
Sigma_Mo_C11:	10.5760411786
Mean_Sn_C11:	140.974296904
Sigma_Sn_C11:	10.3673284538
