Mean_Mo_C2:	95.0052987874
Sigma_Mo_C2:	10.4135797441
Mean_Sn_C2:	140.142494537
Sigma_Sn_C2:	11.4253329996
