Mean_Mo_C7:	89.5889590695
Sigma_Mo_C7:	12.3934167185
Mean_Ag_C7:	119.82887381
Sigma_Ag_C7:	5.94515735721
