Mean_Mo_C0:	91.274533031
Sigma_Mo_C0:	9.31896282653
Mean_Cu_C0:	42.9213790824
Sigma_Cu_C0:	7.64460549114
