Mean_Mo_C5:	91.0926692029
Sigma_Mo_C5:	11.053494425
Mean_Ag_C5:	121.381175961
Sigma_Ag_C5:	6.64207785653
