Mean_Mo_C2:	94.769979879
Sigma_Mo_C2:	10.7762564105
Mean_Cu_C2:	43.7960647765
Sigma_Cu_C2:	7.91074056004
