Mean_Mo_C0:	91.2007424731
Sigma_Mo_C0:	10.6470535479
Mean_In_C0:	130.065301514
Sigma_In_C0:	9.58604332802
