Mean_Mo_C2:	94.8202044848
Sigma_Mo_C2:	10.3825495764
Mean_In_C2:	135.439029626
Sigma_In_C2:	10.9815816775
