Mean_Mo_C9:	89.7489073975
Sigma_Mo_C9:	10.3336121424
Mean_Cu_C9:	41.9572298974
Sigma_Cu_C9:	8.40733164056
