Mean_Mo_C4:	95.723639444
Sigma_Mo_C4:	10.1389804689
Mean_Sn_C4:	140.750295693
Sigma_Sn_C4:	10.7880769564
