Mean_Mo_C4:	96.8085454416
Sigma_Mo_C4:	10.4563059761
Mean_In_C4:	136.620020982
Sigma_In_C4:	9.90253649109
