Mean_Mo_C5:	90.7138342612
Sigma_Mo_C5:	10.7643966041
Mean_Sn_C5:	135.574998271
Sigma_Sn_C5:	10.2206263078
