Mean_Mo_C6:	88.2796251403
Sigma_Mo_C6:	10.6608676225
Mean_Sn_C6:	131.065578014
Sigma_Sn_C6:	11.0009123152
