Mean_Mo_C13:	93.4714627727
Sigma_Mo_C13:	10.2100940217
Mean_Sn_C13:	136.479161923
Sigma_Sn_C13:	12.0570411642
