Mean_Mo_C2:	94.8615674804
Sigma_Mo_C2:	10.3990027438
Mean_Ag_C2:	125.351420934
Sigma_Ag_C2:	6.62329288601
