Mean_Mo_C13:	94.1288234368
Sigma_Mo_C13:	11.0536255105
Mean_Ag_C13:	122.810357419
Sigma_Ag_C13:	6.15550783459
