Mean_Mo_C9:	89.4975444857
Sigma_Mo_C9:	12.1245145048
Mean_In_C9:	130.398842552
Sigma_In_C9:	10.1783618085
