Mean_Mo_C14:	101.886093289
Sigma_Mo_C14:	13.0215973866
Mean_Sn_C14:	149.590259154
Sigma_Sn_C14:	9.99273410707
