Mean_Mo_C7:	89.315164013
Sigma_Mo_C7:	11.2480869224
Mean_Sn_C7:	132.754821277
Sigma_Sn_C7:	13.1555979023
