Mean_Mo_C12:	91.941230157
Sigma_Mo_C12:	10.7139251703
Mean_Ag_C12:	121.464527928
Sigma_Ag_C12:	6.19299660876
