Mean_Mo_C7:	89.5487504456
Sigma_Mo_C7:	10.4122591126
Mean_In_C7:	128.004654257
Sigma_In_C7:	10.6588518453
