Mean_Mo_C10:	87.7593940346
Sigma_Mo_C10:	11.4742755525
Mean_Ag_C10:	117.01041205
Sigma_Ag_C10:	6.13866377509
