Mean_Mo_C15:	104.893991572
Sigma_Mo_C15:	11.2464282061
Mean_In_C15:	148.576131804
Sigma_In_C15:	9.74708469355
