Mean_Mo_C8:	89.381498546
Sigma_Mo_C8:	12.8602686461
Mean_Sn_C8:	138.070067819
Sigma_Sn_C8:	10.7521852373
