Mean_Mo_C0:	91.1119251037
Sigma_Mo_C0:	9.85669407241
Mean_Sn_C0:	135.663337649
Sigma_Sn_C0:	11.1673736645
