Mean_Mo_C9:	90.1615860471
Sigma_Mo_C9:	12.7200466214
Mean_Ag_C9:	121.033748239
Sigma_Ag_C9:	6.13744340001
