Mean_Mo_C11:	95.2195445495
Sigma_Mo_C11:	10.4833568764
Mean_Ag_C11:	126.150916892
Sigma_Ag_C11:	7.37200998038
