Mean_Mo_C15:	104.299961776
Sigma_Mo_C15:	9.96931722457
Mean_Sn_C15:	155.625229444
Sigma_Sn_C15:	10.8256374017
