Mean_Mo_C8:	90.4883777878
Sigma_Mo_C8:	11.9771852281
Mean_Cu_C8:	41.4932050421
Sigma_Cu_C8:	8.77572409544
