Mean_Mo_C6:	88.8383111842
Sigma_Mo_C6:	10.5183665762
Mean_In_C6:	127.03916981
Sigma_In_C6:	9.67313213903
