Mean_Mo_C3:	92.9216543625
Sigma_Mo_C3:	9.57289911283
Mean_Sn_C3:	137.19776408
Sigma_Sn_C3:	12.0130165586
