Mean_Mo_C5:	90.8217155933
Sigma_Mo_C5:	10.6068876193
Mean_In_C5:	130.902988527
Sigma_In_C5:	10.3472754108
