Mean_Mo_C10:	87.7244451635
Sigma_Mo_C10:	10.6766030426
Mean_In_C10:	125.69419218
Sigma_In_C10:	9.36934555967
