Mean_Mo_C1:	93.5249529973
Sigma_Mo_C1:	12.2457284987
Mean_In_C1:	132.462965159
Sigma_In_C1:	8.60629515683
