Mean_Mo_C0:	91.2801534167
Sigma_Mo_C0:	11.3419611777
Mean_Ag_C0:	120.217942384
Sigma_Ag_C0:	6.65254745233
