Mean_Mo_C10:	118.228861701
Sigma_Mo_C10:	27.5575135053
Mean_Ag_C10:	126.176540447
Sigma_Ag_C10:	21.996311836
