Mean_Mo_C5:	94.4809713561
Sigma_Mo_C5:	11.2071696245
Mean_In_C5:	137.387257329
Sigma_In_C5:	11.221541455
