Mean_Mo_C5:	92.8646276421
Sigma_Mo_C5:	10.4316018852
Mean_Cu_C5:	37.1932527456
Sigma_Cu_C5:	9.29418063616
