Mean_Mo_C9:	106.007596446
Sigma_Mo_C9:	16.2557858015
Mean_Ag_C9:	143.514544542
Sigma_Ag_C9:	9.00695247543
