Mean_Mo_C6:	87.017389228
Sigma_Mo_C6:	10.6992646519
Mean_Cu_C6:	36.1787328245
Sigma_Cu_C6:	8.80239918248
