Mean_Mo_C0:	80.8293483003
Sigma_Mo_C0:	10.7676419187
Mean_Cu_C0:	34.3458688081
Sigma_Cu_C0:	9.41517064401
