Mean_Mo_C13:	91.358941571
Sigma_Mo_C13:	14.9111940456
Mean_Sn_C13:	137.986866718
Sigma_Sn_C13:	10.3471817278
