Mean_Mo_C11:	93.6614124586
Sigma_Mo_C11:	12.3335464492
Mean_Ag_C11:	123.828463748
Sigma_Ag_C11:	6.80139766329
