Mean_Mo_C6:	87.3888042974
Sigma_Mo_C6:	11.6403082878
Mean_Sn_C6:	134.51029978
Sigma_Sn_C6:	11.8686861843
