Mean_Mo_C7:	93.1748784274
Sigma_Mo_C7:	11.5016609294
Mean_In_C7:	134.218617577
Sigma_In_C7:	10.576967484
