Mean_Mo_C1:	131.616234429
Sigma_Mo_C1:	11.6208559036
Mean_Ag_C1:	-52.2015298882
Sigma_Ag_C1:	120.930412447
