Mean_Mo_C15:	92.0525829347
Sigma_Mo_C15:	12.7362108243
Mean_Sn_C15:	136.863797144
Sigma_Sn_C15:	11.1084448868
