Mean_Mo_C3:	88.0977690334
Sigma_Mo_C3:	11.5469114321
Mean_Sn_C3:	132.810862942
Sigma_Sn_C3:	11.9905206454
