Mean_Mo_C0:	80.2539541484
Sigma_Mo_C0:	15.5251057213
Mean_Sn_C0:	128.05204946
Sigma_Sn_C0:	8.36610809644
