Mean_Mo_C10:	118.679122256
Sigma_Mo_C10:	18.9859869753
Mean_Sn_C10:	168.907368902
Sigma_Sn_C10:	20.5626839778
