Mean_Mo_C6:	88.2516080898
Sigma_Mo_C6:	11.3490761506
Mean_In_C6:	128.942323057
Sigma_In_C6:	10.3356316717
