Mean_Mo_C1:	101.823879984
Sigma_Mo_C1:	14.6735409879
Mean_In_C1:	147.187815988
Sigma_In_C1:	10.3753742975
