Mean_Mo_C9:	102.574753779
Sigma_Mo_C9:	12.3622779628
Mean_Cu_C9:	40.7611148615
Sigma_Cu_C9:	11.0498237811
