Mean_Mo_C7:	93.3642483042
Sigma_Mo_C7:	12.0449269248
Mean_Ag_C7:	125.307058458
Sigma_Ag_C7:	6.9108707433
