Mean_Mo_C9:	105.359320492
Sigma_Mo_C9:	14.2850154636
Mean_Sn_C9:	157.5577951
Sigma_Sn_C9:	13.8746587122
