Mean_Mo_C10:	19.2869827457
Sigma_Mo_C10:	87.0680056402
Mean_Cu_C10:	1.1759007337
Sigma_Cu_C10:	0.246514746037
