Mean_Mo_C2:	89.5795574339
Sigma_Mo_C2:	12.4558576229
Mean_Sn_C2:	135.08248606
Sigma_Sn_C2:	11.4453289027
