Mean_Mo_C0:	80.3995527844
Sigma_Mo_C0:	12.8443851351
Mean_In_C0:	121.597746469
Sigma_In_C0:	11.7297705879
