Mean_Mo_C8:	94.7076649952
Sigma_Mo_C8:	12.9541174798
Mean_Ag_C8:	127.801906757
Sigma_Ag_C8:	7.35547577845
