Mean_Mo_C15:	92.9398525238
Sigma_Mo_C15:	13.8885561986
Mean_Ag_C15:	122.476665108
Sigma_Ag_C15:	6.26662449798
