Mean_Mo_C12:	91.3521493352
Sigma_Mo_C12:	10.6859033886
Mean_Cu_C12:	39.7142695046
Sigma_Cu_C12:	8.65498406794
