Mean_Mo_C11:	91.5540224675
Sigma_Mo_C11:	11.3787182294
Mean_Sn_C11:	137.786677272
Sigma_Sn_C11:	11.1593632048
