Mean_Mo_C10:	123.526655643
Sigma_Mo_C10:	17.0686659081
Mean_In_C10:	167.024604472
Sigma_In_C10:	15.9886661791
