Mean_Mo_C7:	92.3221178232
Sigma_Mo_C7:	11.4838229204
Mean_Sn_C7:	138.961249911
Sigma_Sn_C7:	12.7271996073
