Mean_Mo_C15:	91.0488609463
Sigma_Mo_C15:	12.9618553864
Mean_In_C15:	132.863983798
Sigma_In_C15:	8.85477142598
