Mean_Mo_C12:	91.0635528351
Sigma_Mo_C12:	10.6955999078
Mean_Sn_C12:	137.255641371
Sigma_Sn_C12:	11.7061229205
