Mean_Mo_C2:	91.4261943863
Sigma_Mo_C2:	13.0446477932
Mean_Ag_C2:	121.773444609
Sigma_Ag_C2:	6.50040745834
