Mean_Mo_C14:	95.4859810994
Sigma_Mo_C14:	24.5871890305
Mean_Sn_C14:	138.879954304
Sigma_Sn_C14:	8.30669304362
