Mean_Mo_C14:	83.3014423914
Sigma_Mo_C14:	25.6742437944
Mean_Cu_C14:	-88.9413769868
Sigma_Cu_C14:	41.8609265287
