Mean_Mo_C6:	89.0793083927
Sigma_Mo_C6:	12.0124978627
Mean_Ag_C6:	120.480629505
Sigma_Ag_C6:	7.27615866147
