Mean_Mo_C13:	90.4102830534
Sigma_Mo_C13:	11.4264227586
Mean_Cu_C13:	40.3580955439
Sigma_Cu_C13:	9.77864424181
