Mean_Mo_C11:	90.9633050509
Sigma_Mo_C11:	10.6715386282
Mean_Cu_C11:	38.9456446095
Sigma_Cu_C11:	8.93068775129
