Mean_Mo_C11:	92.4291267035
Sigma_Mo_C11:	10.5584963188
Mean_In_C11:	132.038120201
Sigma_In_C11:	11.2409580984
