Mean_Mo_C3:	90.3901377484
Sigma_Mo_C3:	11.6539762238
Mean_Ag_C3:	120.304019013
Sigma_Ag_C3:	6.4924365294
