Mean_Mo_C8:	92.2859574923
Sigma_Mo_C8:	14.5476911799
Mean_In_C8:	138.042923834
Sigma_In_C8:	11.1265146227
