Mean_Mo_C7:	92.4574109649
Sigma_Mo_C7:	11.1823153392
Mean_Cu_C7:	40.0262916756
Sigma_Cu_C7:	8.87157407994
