Mean_Mo_C1:	99.9947573123
Sigma_Mo_C1:	14.4678547212
Mean_Cu_C1:	43.0721931624
Sigma_Cu_C1:	9.27303491839
