Mean_Mo_C8:	92.7952360788
Sigma_Mo_C8:	11.9532578799
Mean_Sn_C8:	141.958420645
Sigma_Sn_C8:	13.1448507126
