Mean_Mo_C12:	92.637310937
Sigma_Mo_C12:	12.2385924534
Mean_In_C12:	133.974748731
Sigma_In_C12:	9.41147066025
