Mean_Mo_C14:	103.993908822
Sigma_Mo_C14:	20.4005717858
Mean_In_C14:	138.622944277
Sigma_In_C14:	9.36273944908
