Mean_Mo_C2:	90.2655972954
Sigma_Mo_C2:	11.0105567678
Mean_Cu_C2:	37.7435987518
Sigma_Cu_C2:	7.90419310565
