Mean_Mo_C3:	89.0384898701
Sigma_Mo_C3:	10.1185728633
Mean_Cu_C3:	38.4530870267
Sigma_Cu_C3:	8.08135847828
