Mean_Mo_C4:	96.5423418731
Sigma_Mo_C4:	10.559880211
Mean_Sn_C4:	146.454771267
Sigma_Sn_C4:	11.3754227389
