Mean_Mo_C3:	89.3337013449
Sigma_Mo_C3:	12.0418400468
Mean_In_C3:	129.598934882
Sigma_In_C3:	9.8602016478
