Mean_Mo_C8:	92.5928543785
Sigma_Mo_C8:	12.4991911481
Mean_Cu_C8:	38.2092076922
Sigma_Cu_C8:	9.98214868749
