Mean_Mo_C0:	83.0835657248
Sigma_Mo_C0:	15.3439163278
Mean_Ag_C0:	113.516640993
Sigma_Ag_C0:	7.05635304518
