Mean_Mo_C5:	95.5193791435
Sigma_Mo_C5:	12.1690385613
Mean_Ag_C5:	127.223832406
Sigma_Ag_C5:	7.59269687766
