Mean_Mo_C5:	92.9712125286
Sigma_Mo_C5:	11.5027660182
Mean_Sn_C5:	141.251388563
Sigma_Sn_C5:	12.1203749149
