Mean_Mo_C13:	93.2955429602
Sigma_Mo_C13:	13.7334913511
Mean_Ag_C13:	123.71804878
Sigma_Ag_C13:	7.4705195325
