Mean_Mo_C4:	96.2602622645
Sigma_Mo_C4:	10.5351251068
Mean_Cu_C4:	40.2002306291
Sigma_Cu_C4:	8.40835133207
