Mean_Mo_C12:	93.4931642022
Sigma_Mo_C12:	12.4565355505
Mean_Ag_C12:	124.620564411
Sigma_Ag_C12:	7.4732967526
