Mean_Mo_C14:	108.041940292
Sigma_Mo_C14:	42.38795292
Mean_Ag_C14:	0.0
Sigma_Ag_C14:	0.0
