Mean_Mo_C4:	97.2226942948
Sigma_Mo_C4:	10.6402804305
Mean_In_C4:	140.67693607
Sigma_In_C4:	10.9284446679
