Mean_Mo_C13:	91.5280930497
Sigma_Mo_C13:	12.3408543472
Mean_In_C13:	131.0215064
Sigma_In_C13:	9.73178376657
