Mean_Mo_C9:	104.401952484
Sigma_Mo_C9:	13.9205464367
Mean_In_C9:	153.715632289
Sigma_In_C9:	12.5952028293
