Mean_Mo_C4:	98.0093394076
Sigma_Mo_C4:	11.8547533332
Mean_Ag_C4:	131.622609928
Sigma_Ag_C4:	6.25858091163
