Mean_Mo_C2:	89.019655983
Sigma_Mo_C2:	11.9256083253
Mean_In_C2:	130.717378177
Sigma_In_C2:	11.2938142643
