Mean_Mo_C1:	101.558441906
Sigma_Mo_C1:	13.4599095848
Mean_Sn_C1:	152.423280331
Sigma_Sn_C1:	11.7104528392
