Mean_Mo_C15:	90.2688254068
Sigma_Mo_C15:	11.0258229905
Mean_Cu_C15:	37.8269387826
Sigma_Cu_C15:	8.83944215397
