Mean_Mo_C8:	89.1383680639
Sigma_Mo_C8:	9.56999084037
Mean_In_C8:	128.002514496
Sigma_In_C8:	11.2072303536
