Mean_Mo_C3:	85.8303586846
Sigma_Mo_C3:	10.0641521816
Mean_Ag_C3:	113.967709617
Sigma_Ag_C3:	6.52819945135
