Mean_Mo_C4:	92.1611421747
Sigma_Mo_C4:	10.8125702005
Mean_Sn_C4:	139.577595149
Sigma_Sn_C4:	10.6977684958
