Mean_Mo_C6:	99.0649947209
Sigma_Mo_C6:	11.1218531748
Mean_Ag_C6:	131.968857207
Sigma_Ag_C6:	7.94773373872
