Mean_Mo_C12:	99.3589729304
Sigma_Mo_C12:	10.2853385085
Mean_Ag_C12:	130.177493196
Sigma_Ag_C12:	7.52692665849
