Mean_Mo_C7:	83.8445523818
Sigma_Mo_C7:	9.99893532375
Mean_Ag_C7:	113.933134223
Sigma_Ag_C7:	6.55124300439
