Mean_Mo_C8:	90.2814086786
Sigma_Mo_C8:	10.2390269211
Mean_Ag_C8:	119.76193936
Sigma_Ag_C8:	6.83160170961
