Mean_Mo_C10:	90.6916455184
Sigma_Mo_C10:	9.71998920151
Mean_In_C10:	129.452739753
Sigma_In_C10:	9.53425879536
