Mean_Mo_C5:	90.1466174695
Sigma_Mo_C5:	10.6275672968
Mean_Cu_C5:	39.8494996149
Sigma_Cu_C5:	8.0557106215
