Mean_Mo_C1:	98.0795623372
Sigma_Mo_C1:	13.8074272621
Mean_In_C1:	140.421327197
Sigma_In_C1:	7.1283901268
