Mean_Mo_C4:	92.3288009466
Sigma_Mo_C4:	10.8652655133
Mean_In_C4:	133.749602676
Sigma_In_C4:	10.5842208481
