Mean_Mo_C10:	89.7411107962
Sigma_Mo_C10:	9.77492555764
Mean_Sn_C10:	135.168376393
Sigma_Sn_C10:	12.5490087666
