Mean_Mo_C3:	86.1171032411
Sigma_Mo_C3:	9.81073206397
Mean_In_C3:	125.031370848
Sigma_In_C3:	9.68737254489
