Mean_Mo_C5:	90.9158308122
Sigma_Mo_C5:	9.69767365173
Mean_Sn_C5:	136.393878191
Sigma_Sn_C5:	12.2172166091
