Mean_Mo_C0:	98.3238253022
Sigma_Mo_C0:	10.5121049397
Mean_Cu_C0:	41.4763513967
Sigma_Cu_C0:	9.06228903292
