Mean_Mo_C2:	96.5268603328
Sigma_Mo_C2:	10.2877021162
Mean_Sn_C2:	140.815464059
Sigma_Sn_C2:	10.924756353
