Mean_Mo_C14:	103.331443513
Sigma_Mo_C14:	13.9446156773
Mean_Ag_C14:	0.0
Sigma_Ag_C14:	0.0
