Mean_Mo_C6:	98.6416080008
Sigma_Mo_C6:	11.0097547091
Mean_Sn_C6:	147.730386211
Sigma_Sn_C6:	13.1413728905
