Mean_Mo_C13:	96.4518317281
Sigma_Mo_C13:	10.1161240289
Mean_In_C13:	136.752539681
Sigma_In_C13:	11.5661629572
