Mean_Mo_C15:	89.5551485632
Sigma_Mo_C15:	11.2039971699
Mean_Sn_C15:	136.370243155
Sigma_Sn_C15:	11.4791346291
