Mean_Mo_C3:	85.926056307
Sigma_Mo_C3:	9.19743983016
Mean_Cu_C3:	37.8028383156
Sigma_Cu_C3:	7.2695487245
