Mean_Mo_C1:	97.0903257457
Sigma_Mo_C1:	13.4712587479
Mean_Sn_C1:	146.096576957
Sigma_Sn_C1:	10.1931895035
