Mean_Mo_C12:	100.268546831
Sigma_Mo_C12:	9.37631552347
Mean_In_C12:	141.038985872
Sigma_In_C12:	9.77370674799
