Mean_Mo_C2:	94.2680896882
Sigma_Mo_C2:	10.506853872
Mean_In_C2:	136.506982831
Sigma_In_C2:	11.271570445
