Mean_Mo_C14:	68.1673647649
Sigma_Mo_C14:	22.4868028121
Mean_Sn_C14:	126.581196639
Sigma_Sn_C14:	18.1907217929
