Mean_Mo_C0:	97.7411481783
Sigma_Mo_C0:	10.2251326889
Mean_In_C0:	141.402262587
Sigma_In_C0:	11.8490580482
