Mean_Mo_C1:	95.4484309159
Sigma_Mo_C1:	16.1358031989
Mean_Ag_C1:	130.419072402
Sigma_Ag_C1:	7.06462885789
