Mean_Mo_C5:	91.7303577755
Sigma_Mo_C5:	9.21197652094
Mean_In_C5:	130.668885149
Sigma_In_C5:	10.7574114332
