Mean_Mo_C15:	90.4901515158
Sigma_Mo_C15:	11.3607613782
Mean_Cu_C15:	40.5196324393
Sigma_Cu_C15:	8.44166014099
