Mean_Mo_C8:	89.7750516659
Sigma_Mo_C8:	8.9823971368
Mean_Cu_C8:	37.5629606598
Sigma_Cu_C8:	8.99363213046
