Mean_Mo_C8:	89.5970062859
Sigma_Mo_C8:	9.35407477889
Mean_Sn_C8:	133.949454677
Sigma_Sn_C8:	12.1422933497
