Mean_Mo_C4:	91.9927388318
Sigma_Mo_C4:	10.1021417078
Mean_Cu_C4:	37.0457607286
Sigma_Cu_C4:	9.21313499664
