Mean_Mo_C9:	89.2429747006
Sigma_Mo_C9:	9.41139052661
Mean_In_C9:	128.052561266
Sigma_In_C9:	11.5732866844
