Mean_Mo_C15:	90.1204896673
Sigma_Mo_C15:	12.2053644173
Mean_Ag_C15:	122.091284584
Sigma_Ag_C15:	7.37962669185
