Mean_Mo_C2:	95.7319583693
Sigma_Mo_C2:	10.0811767369
Mean_Cu_C2:	42.364833783
Sigma_Cu_C2:	8.4726252115
