Mean_Mo_C7:	84.2574599868
Sigma_Mo_C7:	9.06019001997
Mean_Cu_C7:	34.2642646979
Sigma_Cu_C7:	8.24267415299
