Mean_Mo_C5:	91.3478255313
Sigma_Mo_C5:	9.76816753378
Mean_Ag_C5:	121.242964857
Sigma_Ag_C5:	7.13485823197
