Mean_Mo_C3:	86.6291606199
Sigma_Mo_C3:	9.87795124763
Mean_Sn_C3:	129.336003507
Sigma_Sn_C3:	10.4204694203
