Mean_Mo_C10:	90.4352477528
Sigma_Mo_C10:	9.28791209465
Mean_Ag_C10:	119.133238478
Sigma_Ag_C10:	6.40321925156
