Mean_Mo_C6:	98.3420331239
Sigma_Mo_C6:	10.1610368103
Mean_Cu_C6:	41.5669422769
Sigma_Cu_C6:	9.4724625834
