Mean_Mo_C9:	89.3691141121
Sigma_Mo_C9:	8.71239384847
Mean_Sn_C9:	133.131605055
Sigma_Sn_C9:	10.5545041522
