Mean_Mo_C10:	90.7428709418
Sigma_Mo_C10:	10.163389566
Mean_Cu_C10:	38.9401429721
Sigma_Cu_C10:	7.6400665088
