Mean_Mo_C12:	98.8906238584
Sigma_Mo_C12:	9.01112592573
Mean_Cu_C12:	45.7112984838
Sigma_Cu_C12:	7.73385895064
