Mean_Mo_C13:	97.0160905337
Sigma_Mo_C13:	11.3838331084
Mean_Ag_C13:	128.526647291
Sigma_Ag_C13:	6.38768596631
