Mean_Mo_C15:	90.9299978642
Sigma_Mo_C15:	10.3066180189
Mean_In_C15:	129.968666792
Sigma_In_C15:	8.42352149064
