Mean_Mo_C6:	98.7528992556
Sigma_Mo_C6:	9.86464122193
Mean_In_C6:	140.322030741
Sigma_In_C6:	12.8948306502
