Mean_Mo_C9:	89.3415078671
Sigma_Mo_C9:	8.90191590441
Mean_Cu_C9:	38.7398820324
Sigma_Cu_C9:	7.84419777652
