Mean_Mo_C0:	98.2017151912
Sigma_Mo_C0:	12.1304617873
Mean_Ag_C0:	131.154555234
Sigma_Ag_C0:	7.78778515124
