Mean_Mo_C0:	97.5955772344
Sigma_Mo_C0:	10.474112803
Mean_Sn_C0:	148.597451702
Sigma_Sn_C0:	11.8027692804
