Mean_Mo_C14:	46.5742151303
Sigma_Mo_C14:	90.3659408271
Mean_In_C14:	125.830833739
Sigma_In_C14:	0.50500807286
