Mean_Mo_C13:	96.3664157164
Sigma_Mo_C13:	9.70511021362
Mean_Cu_C13:	41.239000629
Sigma_Cu_C13:	7.63847903334
