Mean_Mo_C11:	91.7988347199
Sigma_Mo_C11:	10.7142314126
Mean_Ag_C11:	121.4791018
Sigma_Ag_C11:	6.49399468563
