Mean_Mo_C13:	96.5131585316
Sigma_Mo_C13:	9.86648067626
Mean_Sn_C13:	143.440732089
Sigma_Sn_C13:	9.56618442334
