Mean_Mo_C14:	-175.051460424
Sigma_Mo_C14:	87.620195575
Mean_Cu_C14:	17.5069889131
Sigma_Cu_C14:	14.4679519575
