Mean_Mo_C9:	89.4353117298
Sigma_Mo_C9:	9.70303799796
Mean_Ag_C9:	118.139633148
Sigma_Ag_C9:	6.32255658734
