Mean_Mo_C11:	92.0145446685
Sigma_Mo_C11:	9.26909985988
Mean_Cu_C11:	39.5578195182
Sigma_Cu_C11:	7.8326122069
