Mean_Mo_C7:	84.7380662122
Sigma_Mo_C7:	9.44054658523
Mean_Sn_C7:	128.441451915
Sigma_Sn_C7:	10.5871586626
