Mean_Mo_C11:	91.3943863198
Sigma_Mo_C11:	10.1424510255
Mean_Sn_C11:	136.828020383
Sigma_Sn_C11:	10.8725077441
