Mean_Mo_C2:	44.3022341661
Sigma_Mo_C2:	10.573143586
Mean_Ag_C2:	99.2673070141
Sigma_Ag_C2:	16.5605679954
