Mean_Mo_C1:	96.3659065095
Sigma_Mo_C1:	11.9670262744
Mean_Cu_C1:	43.3655816619
Sigma_Cu_C1:	8.0813255456
