Mean_Mo_C4:	91.7307177729
Sigma_Mo_C4:	11.7215815654
Mean_Ag_C4:	122.667769689
Sigma_Ag_C4:	6.77068864317
