Mean_Mo_C7:	84.9195533221
Sigma_Mo_C7:	8.52415238368
Mean_In_C7:	121.623379002
Sigma_In_C7:	11.667966562
