Mean_Mo_C12:	99.051127591
Sigma_Mo_C12:	10.1507266042
Mean_Sn_C12:	145.439466997
Sigma_Sn_C12:	10.3996867645
