Mean_Mo_C11:	90.9457532674
Sigma_Mo_C11:	10.7263490237
Mean_In_C11:	130.726912846
Sigma_In_C11:	9.86515883828
