Mean_Mo_C1:	111.728973539
Sigma_Mo_C1:	12.9479710358
Mean_In_C1:	156.364282846
Sigma_In_C1:	9.25699675404
