Mean_Mo_C12:	99.8921692455
Sigma_Mo_C12:	10.6784306278
Mean_Cu_C12:	48.7174811343
Sigma_Cu_C12:	8.73159885247
