Mean_Mo_C2:	114.241086485
Sigma_Mo_C2:	11.6952588523
Mean_Sn_C2:	162.584414202
Sigma_Sn_C2:	13.4828422505
