Mean_Mo_C0:	108.483742585
Sigma_Mo_C0:	10.6526678532
Mean_Ag_C0:	139.894799906
Sigma_Ag_C0:	6.98506401506
