Mean_Mo_C4:	110.169503038
Sigma_Mo_C4:	11.1123105112
Mean_In_C4:	152.132592971
Sigma_In_C4:	10.9215877257
