Mean_Mo_C14:	114.467993632
Sigma_Mo_C14:	12.2935331625
Mean_Ag_C14:	146.591955202
Sigma_Ag_C14:	6.79608396344
