Mean_Mo_C12:	101.564071848
Sigma_Mo_C12:	11.0445238438
Mean_In_C12:	141.450321772
Sigma_In_C12:	12.1937794248
