Mean_Mo_C9:	100.210147564
Sigma_Mo_C9:	11.5637132443
Mean_Ag_C9:	131.526107516
Sigma_Ag_C9:	6.71030150921
