Mean_Mo_C5:	123.692930067
Sigma_Mo_C5:	11.5341054942
Mean_Ag_C5:	158.718819982
Sigma_Ag_C5:	8.80532181602
