Mean_Mo_C1:	110.337362648
Sigma_Mo_C1:	11.9074536192
Mean_Ag_C1:	141.829970084
Sigma_Ag_C1:	7.13775340377
