Mean_Mo_C15:	105.409474102
Sigma_Mo_C15:	10.1650169126
Mean_In_C15:	144.917298164
Sigma_In_C15:	9.56089040005
