Mean_Mo_C11:	105.123384072
Sigma_Mo_C11:	9.74807838037
Mean_Cu_C11:	50.5313611048
Sigma_Cu_C11:	8.11266623482
