Mean_Mo_C9:	100.923366185
Sigma_Mo_C9:	10.3797186784
Mean_Sn_C9:	147.992869389
Sigma_Sn_C9:	11.0570231694
