Mean_Mo_C6:	111.495989864
Sigma_Mo_C6:	10.142582326
Mean_Cu_C6:	54.5421883337
Sigma_Cu_C6:	8.8500214087
