Mean_Mo_C7:	98.9653123167
Sigma_Mo_C7:	10.4100496636
Mean_Sn_C7:	145.228677609
Sigma_Sn_C7:	11.0942983562
