Mean_Mo_C10:	94.1811776118
Sigma_Mo_C10:	10.3019362385
Mean_Sn_C10:	137.579417485
Sigma_Sn_C10:	12.0877828021
