Mean_Mo_C4:	108.897496018
Sigma_Mo_C4:	10.9994675415
Mean_Ag_C4:	140.381229367
Sigma_Ag_C4:	7.33258886607
