Mean_Mo_C14:	114.397691042
Sigma_Mo_C14:	13.2060195684
Mean_In_C14:	158.609240704
Sigma_In_C14:	10.1649384432
