Mean_Mo_C15:	103.862813349
Sigma_Mo_C15:	11.6183454167
Mean_Ag_C15:	134.701756505
Sigma_Ag_C15:	6.89016418204
