Mean_Mo_C1:	110.32301728
Sigma_Mo_C1:	10.2979445655
Mean_Cu_C1:	55.329643398
Sigma_Cu_C1:	8.15053170935
