Mean_Mo_C8:	101.61747229
Sigma_Mo_C8:	11.7345212549
Mean_Sn_C8:	148.905669559
Sigma_Sn_C8:	11.7327898926
