Mean_Mo_C5:	122.951570105
Sigma_Mo_C5:	12.0563822351
Mean_Cu_C5:	58.8076571828
Sigma_Cu_C5:	9.90805443296
