Mean_Mo_C3:	108.980716329
Sigma_Mo_C3:	10.4878971633
Mean_Sn_C3:	157.78828538
Sigma_Sn_C3:	12.4861776847
