Mean_Mo_C3:	109.472197807
Sigma_Mo_C3:	10.8862091621
Mean_In_C3:	152.335615685
Sigma_In_C3:	11.2903336141
