Mean_Mo_C0:	108.817286375
Sigma_Mo_C0:	10.3502152728
Mean_Cu_C0:	53.4134259599
Sigma_Cu_C0:	8.19534317809
