Mean_Mo_C15:	105.369716854
Sigma_Mo_C15:	10.9645165478
Mean_Sn_C15:	151.053400624
Sigma_Sn_C15:	10.7194796112
