Mean_Mo_C13:	112.50933036
Sigma_Mo_C13:	10.8306886834
Mean_Sn_C13:	160.954411719
Sigma_Sn_C13:	11.4487426184
