Mean_Mo_C7:	99.0896527798
Sigma_Mo_C7:	10.0875118078
Mean_Cu_C7:	46.7592565027
Sigma_Cu_C7:	8.47093550696
