Mean_Mo_C8:	101.169966454
Sigma_Mo_C8:	12.5862225062
Mean_Ag_C8:	133.779239007
Sigma_Ag_C8:	7.6303484505
