Mean_Mo_C0:	109.50698773
Sigma_Mo_C0:	10.6587642297
Mean_In_C0:	150.833633538
Sigma_In_C0:	9.99992272731
