Mean_Mo_C14:	111.334742535
Sigma_Mo_C14:	14.1430452135
Mean_Cu_C14:	55.5212075775
Sigma_Cu_C14:	9.71988117958
