Mean_Mo_C10:	95.8095176593
Sigma_Mo_C10:	11.6907767853
Mean_In_C10:	134.5178827
Sigma_In_C10:	9.24760202184
