Mean_Mo_C1:	111.325399799
Sigma_Mo_C1:	12.1650801671
Mean_Sn_C1:	159.358959182
Sigma_Sn_C1:	10.9944832614
