Mean_Mo_C11:	106.86154616
Sigma_Mo_C11:	9.81851496196
Mean_In_C11:	148.341401632
Sigma_In_C11:	9.77683844582
