Mean_Mo_C13:	111.874606837
Sigma_Mo_C13:	10.9579942692
Mean_Cu_C13:	56.682217543
Sigma_Cu_C13:	8.50564382507
