Mean_Mo_C10:	94.5660590393
Sigma_Mo_C10:	11.4065574971
Mean_Ag_C10:	125.043708527
Sigma_Ag_C10:	6.10265728862
