Mean_Mo_C8:	100.346513886
Sigma_Mo_C8:	11.5544141803
Mean_Cu_C8:	49.5149545221
Sigma_Cu_C8:	8.65374049551
