Mean_Mo_C15:	104.739479403
Sigma_Mo_C15:	9.52420381295
Mean_Cu_C15:	51.4328859308
Sigma_Cu_C15:	8.04461866808
