Mean_Mo_C12:	100.357066702
Sigma_Mo_C12:	11.4290872725
Mean_Sn_C12:	145.801874189
Sigma_Sn_C12:	12.2510335257
