Mean_Mo_C7:	98.8344816976
Sigma_Mo_C7:	11.1170459978
Mean_Ag_C7:	129.822775816
Sigma_Ag_C7:	6.69357311417
