Mean_Mo_C11:	106.116392791
Sigma_Mo_C11:	9.78202570694
Mean_Sn_C11:	153.412629374
Sigma_Sn_C11:	10.7990929578
