Mean_Mo_C3:	108.388614283
Sigma_Mo_C3:	10.2901971495
Mean_Cu_C3:	52.9250382584
Sigma_Cu_C3:	9.04149215942
