Mean_Mo_C6:	111.848651481
Sigma_Mo_C6:	12.1511775133
Mean_Ag_C6:	145.382499758
Sigma_Ag_C6:	8.22985207415
