Mean_Mo_C9:	99.9231810688
Sigma_Mo_C9:	9.40475678257
Mean_Cu_C9:	47.6206812433
Sigma_Cu_C9:	7.85621264055
