Mean_Mo_C13:	113.084480065
Sigma_Mo_C13:	10.2515464536
Mean_In_C13:	155.315489436
Sigma_In_C13:	11.612958199
