Mean_Mo_C5:	125.403280995
Sigma_Mo_C5:	11.4152667947
Mean_In_C5:	174.204909035
Sigma_In_C5:	13.2533814194
