Mean_Mo_C8:	102.701079869
Sigma_Mo_C8:	11.3691865391
Mean_In_C8:	143.741701865
Sigma_In_C8:	11.8363287473
