Mean_Mo_C5:	124.86102439
Sigma_Mo_C5:	11.8493040449
Mean_Sn_C5:	181.479530153
Sigma_Sn_C5:	11.6191889211
