Mean_Mo_C14:	113.830415026
Sigma_Mo_C14:	13.9556049779
Mean_Sn_C14:	164.713657058
Sigma_Sn_C14:	10.831951903
