Mean_Mo_C4:	108.775576636
Sigma_Mo_C4:	10.5995592008
Mean_Sn_C4:	157.328463258
Sigma_Sn_C4:	12.5007230742
