Mean_Mo_C2:	114.138344413
Sigma_Mo_C2:	11.8428901859
Mean_Ag_C2:	146.206553734
Sigma_Ag_C2:	7.59701959702
