Mean_Mo_C7:	99.2880259335
Sigma_Mo_C7:	11.3107998036
Mean_In_C7:	140.145875447
Sigma_In_C7:	10.5493844124
