Mean_Mo_C2:	115.855179096
Sigma_Mo_C2:	12.5426913357
Mean_In_C2:	159.042863152
Sigma_In_C2:	10.9625241267
