Mean_Mo_C6:	112.711356645
Sigma_Mo_C6:	10.3550340066
Mean_In_C6:	156.896769865
Sigma_In_C6:	11.6926354565
