Mean_Mo_C9:	101.649485618
Sigma_Mo_C9:	9.90891783689
Mean_In_C9:	142.624317356
Sigma_In_C9:	10.2626028438
