Mean_Mo_C2:	113.267283461
Sigma_Mo_C2:	10.1241807371
Mean_Cu_C2:	56.170226047
Sigma_Cu_C2:	8.96285548276
