Mean_Mo_C0:	108.714991825
Sigma_Mo_C0:	10.0823500833
Mean_Sn_C0:	156.696765357
Sigma_Sn_C0:	10.7379248571
