Mean_Mo_C4:	108.457841013
Sigma_Mo_C4:	10.727102615
Mean_Cu_C4:	53.0071558605
Sigma_Cu_C4:	8.455903665
