Mean_Mo_C3:	108.758568954
Sigma_Mo_C3:	11.4609673667
Mean_Ag_C3:	140.951786757
Sigma_Ag_C3:	7.59051728561
