Mean_Mo_C11:	105.108755007
Sigma_Mo_C11:	10.2022692363
Mean_Ag_C11:	136.594923699
Sigma_Ag_C11:	7.68452173087
