Mean_Mo_C6:	112.815257115
Sigma_Mo_C6:	11.1582779657
Mean_Sn_C6:	163.018321686
Sigma_Sn_C6:	12.4912421433
