Mean_Mo_C13:	111.704280418
Sigma_Mo_C13:	10.5427432032
Mean_Ag_C13:	143.489235629
Sigma_Ag_C13:	6.51474026814
