Mean_Mo_C10:	93.6129693746
Sigma_Mo_C10:	10.4615334203
Mean_Cu_C10:	45.8874164534
Sigma_Cu_C10:	7.9857077136
