Mean_Mo_C12:	100.59107762
Sigma_Mo_C12:	12.8738232747
Mean_Ag_C12:	131.560565302
Sigma_Ag_C12:	7.3975433758
