Mean_Mo_C6:	86.1414455679
Sigma_Mo_C6:	11.1928743899
Mean_In_C6:	127.702473677
Sigma_In_C6:	10.2331815255
