Mean_Mo_C7:	78.4421968019
Sigma_Mo_C7:	10.3744600969
Mean_Sn_C7:	122.5306173
Sigma_Sn_C7:	10.9075029974
