Mean_Mo_C0:	93.257661911
Sigma_Mo_C0:	10.3599873837
Mean_Cu_C0:	38.3620600395
Sigma_Cu_C0:	9.28076579814
