Mean_Mo_C2:	88.942559809
Sigma_Mo_C2:	11.5214760248
Mean_Ag_C2:	-148.778675047
Sigma_Ag_C2:	87.0776834043
