Mean_Mo_C7:	80.6799948571
Sigma_Mo_C7:	10.2792141926
Mean_Cu_C7:	32.0940653045
Sigma_Cu_C7:	8.35782693633
