Mean_Mo_C12:	84.6146664504
Sigma_Mo_C12:	10.4505286054
Mean_In_C12:	123.523514119
Sigma_In_C12:	10.8179442947
