Mean_Mo_C14:	86.019266804
Sigma_Mo_C14:	11.9304832928
Mean_In_C14:	126.461125227
Sigma_In_C14:	11.2860227203
