Mean_Mo_C2:	90.0900504851
Sigma_Mo_C2:	9.8743358124
Mean_Cu_C2:	35.7455622867
Sigma_Cu_C2:	8.51173813863
