Mean_Mo_C15:	88.6499921088
Sigma_Mo_C15:	10.5472875354
Mean_In_C15:	128.114952373
Sigma_In_C15:	10.5261552592
