Mean_Mo_C12:	82.2660698814
Sigma_Mo_C12:	10.2867597632
Mean_Cu_C12:	33.1174855131
Sigma_Cu_C12:	8.47729056675
