Mean_Mo_C7:	81.2830742042
Sigma_Mo_C7:	10.7513270728
Mean_In_C7:	121.49877612
Sigma_In_C7:	10.8576408193
