Mean_Mo_C14:	80.926669343
Sigma_Mo_C14:	14.2625264051
Mean_Sn_C14:	128.644178443
Sigma_Sn_C14:	6.95136698872
