Mean_Mo_C1:	91.1756201801
Sigma_Mo_C1:	14.8628143686
Mean_Ag_C1:	119.03322547
Sigma_Ag_C1:	6.86555221413
