Mean_Mo_C8:	87.8999702081
Sigma_Mo_C8:	11.1832430435
Mean_In_C8:	130.615706335
Sigma_In_C8:	11.4824771949
