Mean_Mo_C8:	81.979808775
Sigma_Mo_C8:	11.1069260839
Mean_Sn_C8:	130.761890742
Sigma_Sn_C8:	11.5013822699
