Mean_Mo_C3:	85.3201064251
Sigma_Mo_C3:	11.3155961411
Mean_In_C3:	126.303267368
Sigma_In_C3:	10.9548825886
