Mean_Mo_C2:	90.6976799998
Sigma_Mo_C2:	10.4903642426
Mean_In_C2:	131.724466303
Sigma_In_C2:	11.5563017354
