Mean_Mo_C10:	85.1431752335
Sigma_Mo_C10:	10.6181621158
Mean_In_C10:	123.633838909
Sigma_In_C10:	10.4297581801
