Mean_Mo_C9:	81.6595243248
Sigma_Mo_C9:	10.6853347615
Mean_Sn_C9:	126.235983519
Sigma_Sn_C9:	11.292191006
