Mean_Mo_C0:	91.4079393488
Sigma_Mo_C0:	11.0860552544
Mean_Sn_C0:	139.798488987
Sigma_Sn_C0:	11.0875440121
