Mean_Mo_C8:	86.6086815925
Sigma_Mo_C8:	9.47656147311
Mean_Cu_C8:	34.4837043641
Sigma_Cu_C8:	8.5308909826
