Mean_Mo_C6:	84.8328160199
Sigma_Mo_C6:	9.75262876181
Mean_Cu_C6:	33.6078889089
Sigma_Cu_C6:	8.15876895761
