Mean_Mo_C9:	84.1349943126
Sigma_Mo_C9:	10.0831012567
Mean_Cu_C9:	35.599677009
Sigma_Cu_C9:	8.20445062712
