Mean_Mo_C15:	87.7051896567
Sigma_Mo_C15:	12.4515361689
Mean_Ag_C15:	116.72043198
Sigma_Ag_C15:	5.2397207705
