Mean_Mo_C10:	80.9351767303
Sigma_Mo_C10:	10.6422026333
Mean_Sn_C10:	125.066745896
Sigma_Sn_C10:	10.7757856872
