Mean_Mo_C5:	84.2125214222
Sigma_Mo_C5:	9.73380317199
Mean_Sn_C5:	131.234889851
Sigma_Sn_C5:	13.1706688342
