Mean_Mo_C4:	94.9897232693
Sigma_Mo_C4:	10.5687699113
Mean_In_C4:	137.719707372
Sigma_In_C4:	11.7022301302
