Mean_Mo_C11:	84.9831403025
Sigma_Mo_C11:	10.2960835641
Mean_Ag_C11:	114.646791428
Sigma_Ag_C11:	6.99657950462
