Mean_Mo_C7:	78.7898530601
Sigma_Mo_C7:	10.7352708445
Mean_Ag_C7:	108.61504349
Sigma_Ag_C7:	6.56399717053
