Mean_Mo_C14:	108.939054335
Sigma_Mo_C14:	10.9511097166
Mean_Ag_C14:	57.676027367
Sigma_Ag_C14:	44.9831058204
