Mean_Mo_C2:	87.6117057943
Sigma_Mo_C2:	10.4873834725
Mean_Sn_C2:	133.92430294
Sigma_Sn_C2:	11.5613008523
