Mean_Mo_C10:	82.5168913823
Sigma_Mo_C10:	10.4386515604
Mean_Ag_C10:	112.057568688
Sigma_Ag_C10:	7.13726115505
