Mean_Mo_C1:	91.8945248729
Sigma_Mo_C1:	14.0619234698
Mean_In_C1:	132.751959402
Sigma_In_C1:	9.93271496507
