Mean_Mo_C15:	84.989133549
Sigma_Mo_C15:	10.0286449158
Mean_Sn_C15:	128.945867654
Sigma_Sn_C15:	10.9009119726
