Mean_Mo_C1:	89.8448647659
Sigma_Mo_C1:	12.391682226
Mean_Cu_C1:	36.8097534501
Sigma_Cu_C1:	8.59056356288
