Mean_Mo_C13:	96.6902428971
Sigma_Mo_C13:	12.1230364824
Mean_In_C13:	139.454999215
Sigma_In_C13:	10.5122331629
