Mean_Mo_C12:	80.4216537586
Sigma_Mo_C12:	10.4141823473
Mean_Sn_C12:	124.871009443
Sigma_Sn_C12:	11.1756551041
