Mean_Mo_C4:	93.9216942144
Sigma_Mo_C4:	10.288002981
Mean_Cu_C4:	37.9403737049
Sigma_Cu_C4:	8.8427576902
