Mean_Mo_C13:	93.1661643678
Sigma_Mo_C13:	10.4846716336
Mean_Sn_C13:	140.152155277
Sigma_Sn_C13:	11.9847138768
