Mean_Mo_C6:	81.3572040432
Sigma_Mo_C6:	10.0128440348
Mean_Sn_C6:	128.095940466
Sigma_Sn_C6:	11.6902025517
