Mean_Mo_C5:	87.4819768367
Sigma_Mo_C5:	10.0518974625
Mean_Cu_C5:	33.9792139917
Sigma_Cu_C5:	8.54253980386
