Mean_Mo_C11:	85.110394069
Sigma_Mo_C11:	9.85827983231
Mean_Cu_C11:	35.1665232272
Sigma_Cu_C11:	8.20137614776
