Mean_Mo_C3:	83.0477907351
Sigma_Mo_C3:	10.7520106376
Mean_Ag_C3:	113.116645322
Sigma_Ag_C3:	7.08634083289
