Mean_Mo_C15:	87.9078954417
Sigma_Mo_C15:	9.20521288909
Mean_Cu_C15:	37.144219749
Sigma_Cu_C15:	7.99210916132
