Mean_Mo_C10:	83.7966236769
Sigma_Mo_C10:	9.85873245809
Mean_Cu_C10:	33.1499721279
Sigma_Cu_C10:	8.08419022969
