Mean_Mo_C11:	86.9078708732
Sigma_Mo_C11:	11.0301690578
Mean_In_C11:	126.786403158
Sigma_In_C11:	11.4371248288
