Mean_Mo_C6:	82.8486139794
Sigma_Mo_C6:	10.8277599149
Mean_Ag_C6:	114.469997916
Sigma_Ag_C6:	6.96089917065
