Mean_Mo_C3:	81.5312700603
Sigma_Mo_C3:	10.2091460472
Mean_Sn_C3:	127.086064759
Sigma_Sn_C3:	10.5990759763
