Mean_Mo_C0:	92.193150155
Sigma_Mo_C0:	11.9559073317
Mean_Ag_C0:	124.108811277
Sigma_Ag_C0:	7.45192193884
