Mean_Mo_C9:	85.4703011673
Sigma_Mo_C9:	11.5773012372
Mean_In_C9:	125.889537475
Sigma_In_C9:	9.71852554309
