Mean_Mo_C1:	87.4407233292
Sigma_Mo_C1:	11.7797275921
Mean_Sn_C1:	133.804689153
Sigma_Sn_C1:	10.7844356919
