Mean_Mo_C13:	95.985815884
Sigma_Mo_C13:	10.3252473184
Mean_Cu_C13:	39.8190903596
Sigma_Cu_C13:	8.54895175441
