Mean_Mo_C14:	84.854498943
Sigma_Mo_C14:	10.8130577713
Mean_Cu_C14:	34.696720816
Sigma_Cu_C14:	9.05600040307
