Mean_Mo_C8:	85.0703143123
Sigma_Mo_C8:	11.8659323889
Mean_Ag_C8:	117.291805453
Sigma_Ag_C8:	7.63421696687
