Mean_Mo_C12:	81.1258838421
Sigma_Mo_C12:	10.7582263804
Mean_Ag_C12:	111.366509138
Sigma_Ag_C12:	7.02003042293
