Mean_Mo_C11:	82.9856066271
Sigma_Mo_C11:	10.2103770124
Mean_Sn_C11:	126.50153464
Sigma_Sn_C11:	10.3336429038
