Mean_Mo_C3:	84.4211507877
Sigma_Mo_C3:	9.77976390603
Mean_Cu_C3:	33.0536062815
Sigma_Cu_C3:	8.25303884423
