Mean_Mo_C0:	94.619110979
Sigma_Mo_C0:	10.6843945584
Mean_In_C0:	137.918890294
Sigma_In_C0:	11.8877126714
