Mean_Mo_C5:	86.6573206087
Sigma_Mo_C5:	11.4121837107
Mean_Ag_C5:	118.042318839
Sigma_Ag_C5:	6.96426017785
