Mean_Mo_C5:	89.6701101701
Sigma_Mo_C5:	12.06977676
Mean_In_C5:	131.314781657
Sigma_In_C5:	10.5802189436
