Mean_Mo_C13:	94.941846071
Sigma_Mo_C13:	11.5618444014
Mean_Ag_C13:	126.524694654
Sigma_Ag_C13:	7.28499952765
