Mean_Mo_C4:	92.9964372779
Sigma_Mo_C4:	10.8890696936
Mean_Ag_C4:	125.201402695
Sigma_Ag_C4:	7.66289230511
