Mean_Mo_C4:	91.2210323295
Sigma_Mo_C4:	10.7663448397
Mean_Sn_C4:	139.928566332
Sigma_Sn_C4:	11.3823776701
