Mean_Mo_C9:	82.8667587356
Sigma_Mo_C9:	11.8778828967
Mean_Ag_C9:	113.912603795
Sigma_Ag_C9:	6.98192961348
