Mean_Mo_C11:	88.0888037194
Sigma_Mo_C11:	9.64878656228
Mean_In_C11:	127.695097295
Sigma_In_C11:	10.6027114347
