Mean_Mo_C15:	84.7626669963
Sigma_Mo_C15:	10.9660479939
Mean_Sn_C15:	131.578275815
Sigma_Sn_C15:	11.2633647236
