Mean_Mo_C0:	85.6742586447
Sigma_Mo_C0:	12.1055159007
Mean_Ag_C0:	115.70783879
Sigma_Ag_C0:	6.18918922726
