Mean_Mo_C1:	79.8771519579
Sigma_Mo_C1:	13.2569806262
Mean_Sn_C1:	125.697834166
Sigma_Sn_C1:	10.6768146707
