Mean_Mo_C9:	77.4791351408
Sigma_Mo_C9:	9.39650804162
Mean_Sn_C9:	121.564386191
Sigma_Sn_C9:	11.3977129256
