Mean_Mo_C11:	83.3746394474
Sigma_Mo_C11:	10.0179889473
Mean_Sn_C11:	130.014719194
Sigma_Sn_C11:	11.6757445437
