Mean_Mo_C15:	88.9670975361
Sigma_Mo_C15:	11.853383269
Mean_In_C15:	130.24123191
Sigma_In_C15:	10.7149847864
