Mean_Mo_C13:	83.1943023206
Sigma_Mo_C13:	10.4285900213
Mean_Ag_C13:	112.236911063
Sigma_Ag_C13:	5.98463766025
