Mean_Mo_C1:	78.4411162059
Sigma_Mo_C1:	11.7124162009
Mean_Cu_C1:	29.3408691659
Sigma_Cu_C1:	8.29676294924
