Mean_Mo_C0:	84.4274776781
Sigma_Mo_C0:	10.4531360463
Mean_Cu_C0:	31.9719608998
Sigma_Cu_C0:	8.69814274155
