Mean_Mo_C15:	85.4058518059
Sigma_Mo_C15:	13.2328463185
Mean_Ag_C15:	115.611879589
Sigma_Ag_C15:	6.61352772292
