Mean_Mo_C5:	82.7860475517
Sigma_Mo_C5:	9.76148990146
Mean_In_C5:	120.570544101
Sigma_In_C5:	9.9308871307
