Mean_Mo_C0:	88.9936172239
Sigma_Mo_C0:	11.7114235537
Mean_In_C0:	130.29415903
Sigma_In_C0:	10.5442459643
