Mean_Mo_C9:	82.310418263
Sigma_Mo_C9:	9.75912149299
Mean_In_C9:	120.399358767
Sigma_In_C9:	11.4764585889
