Mean_Mo_C2:	88.6830778243
Sigma_Mo_C2:	10.0364187243
Mean_Sn_C2:	136.823463127
Sigma_Sn_C2:	11.5344676248
