Mean_Mo_C14:	92.8505046864
Sigma_Mo_C14:	13.718764503
Mean_In_C14:	137.269042957
Sigma_In_C14:	11.0139992073
