Mean_Mo_C4:	81.8393012845
Sigma_Mo_C4:	9.63430848169
Mean_Cu_C4:	31.9916758433
Sigma_Cu_C4:	7.75027039214
