Mean_Mo_C15:	85.0360478266
Sigma_Mo_C15:	10.5013776291
Mean_Cu_C15:	31.6226952935
Sigma_Cu_C15:	9.161664631
