Mean_Mo_C6:	85.4137153272
Sigma_Mo_C6:	9.43534948094
Mean_Cu_C6:	34.9407345685
Sigma_Cu_C6:	8.04986359634
