Mean_Mo_C8:	81.9904314581
Sigma_Mo_C8:	9.28408021603
Mean_Sn_C8:	128.199817364
Sigma_Sn_C8:	12.3161794419
