Mean_Mo_C10:	76.3401140554
Sigma_Mo_C10:	9.76442356309
Mean_Sn_C10:	118.633834675
Sigma_Sn_C10:	10.8803856509
