Mean_Mo_C6:	91.2422231235
Sigma_Mo_C6:	9.88906040131
Mean_In_C6:	132.109951456
Sigma_In_C6:	11.0250493539
