Mean_Mo_C6:	86.1090529191
Sigma_Mo_C6:	9.92686474636
Mean_Ag_C6:	116.204880239
Sigma_Ag_C6:	5.90112904525
