Mean_Mo_C8:	80.9492321198
Sigma_Mo_C8:	9.17577715685
Mean_Cu_C8:	27.2625005636
Sigma_Cu_C8:	9.32759927651
