Mean_Mo_C7:	81.368069652
Sigma_Mo_C7:	10.1031145822
Mean_Ag_C7:	112.51163999
Sigma_Ag_C7:	6.7181186182
