Mean_Mo_C10:	81.481437211
Sigma_Mo_C10:	9.88514586845
Mean_In_C10:	119.202680447
Sigma_In_C10:	10.6772265269
