Mean_Mo_C1:	85.3368372755
Sigma_Mo_C1:	11.7644201029
Mean_In_C1:	124.018768767
Sigma_In_C1:	10.1671118317
