Mean_Mo_C13:	83.2271122397
Sigma_Mo_C13:	10.3695217727
Mean_Sn_C13:	128.467572782
Sigma_Sn_C13:	12.0687986856
