Mean_Mo_C7:	87.419693349
Sigma_Mo_C7:	10.3214248301
Mean_In_C7:	127.103729259
Sigma_In_C7:	12.7535244849
