Mean_Mo_C1:	106.71734723
Sigma_Mo_C1:	9.96406907158
Mean_Ag_C1:	165.920229493
Sigma_Ag_C1:	7.99110074017
