Mean_Mo_C3:	80.6719944872
Sigma_Mo_C3:	9.58143151795
Mean_Cu_C3:	29.7687405772
Sigma_Cu_C3:	7.75767897061
