Mean_Mo_C9:	77.0791027579
Sigma_Mo_C9:	8.87741248255
Mean_Cu_C9:	27.4391318259
Sigma_Cu_C9:	8.29555239759
