Mean_Mo_C5:	78.5474444107
Sigma_Mo_C5:	9.27994828739
Mean_Sn_C5:	121.395861488
Sigma_Sn_C5:	11.9017876767
