Mean_Mo_C0:	84.7985761243
Sigma_Mo_C0:	11.7537375495
Mean_Sn_C0:	132.017945851
Sigma_Sn_C0:	10.9212069801
