Mean_Mo_C13:	82.6679733695
Sigma_Mo_C13:	8.57986796547
Mean_Cu_C13:	31.6281796454
Sigma_Cu_C13:	7.9453855888
