Mean_Mo_C7:	81.8134633768
Sigma_Mo_C7:	9.23678674493
Mean_Cu_C7:	29.0247600125
Sigma_Cu_C7:	8.93052113289
