Mean_Mo_C3:	80.425868049
Sigma_Mo_C3:	10.3881742287
Mean_Ag_C3:	110.061859392
Sigma_Ag_C3:	6.40330251616
