Mean_Mo_C13:	87.825702936
Sigma_Mo_C13:	10.4780327864
Mean_In_C13:	126.976576973
Sigma_In_C13:	11.0762583251
