Mean_Mo_C8:	86.4805798365
Sigma_Mo_C8:	9.89558143905
Mean_In_C8:	126.600473482
Sigma_In_C8:	11.5832553183
