Mean_Mo_C6:	86.8059376391
Sigma_Mo_C6:	9.31219358865
Mean_Sn_C6:	132.001514134
Sigma_Sn_C6:	10.3013702219
