Mean_Mo_C4:	82.6472662437
Sigma_Mo_C4:	9.87092623403
Mean_Sn_C4:	127.524375646
Sigma_Sn_C4:	11.1911061626
