Mean_Mo_C10:	75.4716486106
Sigma_Mo_C10:	9.06024980685
Mean_Cu_C10:	26.5775747491
Sigma_Cu_C10:	7.86307004512
