Mean_Mo_C3:	80.9687101465
Sigma_Mo_C3:	9.7301542601
Mean_Sn_C3:	126.729718685
Sigma_Sn_C3:	11.1366232836
