Mean_Mo_C5:	78.1561522699
Sigma_Mo_C5:	9.68196047329
Mean_Ag_C5:	106.437823081
Sigma_Ag_C5:	6.09241646068
