Mean_Mo_C10:	75.1025148679
Sigma_Mo_C10:	10.5688768591
Mean_Ag_C10:	103.790182735
Sigma_Ag_C10:	6.62645460462
