Mean_Mo_C2:	32.8483907765
Sigma_Mo_C2:	11.7877095289
Mean_Ag_C2:	87.5083716658
Sigma_Ag_C2:	14.0016234343
