Mean_Mo_C12:	95.5120610761
Sigma_Mo_C12:	11.5689834234
Mean_In_C12:	138.704625802
Sigma_In_C12:	11.0446846268
