Mean_Mo_C2:	30.9813413837
Sigma_Mo_C2:	8.27143750425
Mean_Cu_C2:	134.202891258
Sigma_Cu_C2:	30.1883678211
