Mean_Mo_C8:	81.2369962067
Sigma_Mo_C8:	9.93193834546
Mean_Ag_C8:	112.162745233
Sigma_Ag_C8:	7.0945407581
