Mean_Mo_C7:	82.0666350739
Sigma_Mo_C7:	10.3296904063
Mean_Sn_C7:	127.384568478
Sigma_Sn_C7:	13.3114696125
