Mean_Mo_C12:	89.5763298221
Sigma_Mo_C12:	10.2807961826
Mean_Cu_C12:	33.8523681147
Sigma_Cu_C12:	9.06901185972
