Mean_Mo_C12:	91.2473989669
Sigma_Mo_C12:	10.9068289128
Mean_Ag_C12:	122.0810487
Sigma_Ag_C12:	7.20813288508
