Mean_Mo_C14:	89.6250344455
Sigma_Mo_C14:	12.3186022572
Mean_Ag_C14:	121.259490686
Sigma_Ag_C14:	7.67970311908
