Mean_Mo_C14:	89.0536755885
Sigma_Mo_C14:	12.1338990604
Mean_Sn_C14:	139.106684244
Sigma_Sn_C14:	10.8494828259
