Mean_Mo_C9:	76.8290337356
Sigma_Mo_C9:	9.55370176369
Mean_Ag_C9:	106.458704039
Sigma_Ag_C9:	6.67442138917
