Mean_Mo_C5:	77.8722017552
Sigma_Mo_C5:	8.88118981703
Mean_Cu_C5:	30.972230708
Sigma_Cu_C5:	7.43956833305
