Mean_Mo_C2:	93.4834360933
Sigma_Mo_C2:	10.860163401
Mean_In_C2:	135.331817489
Sigma_In_C2:	10.8870040277
