Mean_Mo_C4:	82.213796101
Sigma_Mo_C4:	11.014928234
Mean_Ag_C4:	111.952347108
Sigma_Ag_C4:	6.42544986877
