Mean_Mo_C14:	88.890758423
Sigma_Mo_C14:	11.9219496028
Mean_Cu_C14:	32.9717941015
Sigma_Cu_C14:	8.83268328172
