Mean_Mo_C3:	86.3790032449
Sigma_Mo_C3:	10.5018518055
Mean_In_C3:	126.101042053
Sigma_In_C3:	10.3013191792
