Mean_Mo_C11:	82.4205519332
Sigma_Mo_C11:	9.33095007739
Mean_Cu_C11:	30.098509717
Sigma_Cu_C11:	8.0487778087
