Mean_Mo_C11:	83.1802720988
Sigma_Mo_C11:	10.3360614685
Mean_Ag_C11:	113.113858305
Sigma_Ag_C11:	6.74163472619
