Mean_Mo_C12:	90.4181441812
Sigma_Mo_C12:	10.5449912245
Mean_Sn_C12:	139.182256441
Sigma_Sn_C12:	10.9581124268
