Mean_Mo_C4:	86.5499338568
Sigma_Mo_C4:	10.6374664059
Mean_In_C4:	125.483187104
Sigma_In_C4:	10.7633095511
