Mean_Mo_C5:	101.384725332
Sigma_Mo_C5:	10.6339291213
Mean_Sn_C5:	150.214289577
Sigma_Sn_C5:	11.0631405041
