Mean_Mo_C15:	92.3283535503
Sigma_Mo_C15:	13.2993310296
Mean_Ag_C15:	121.050997465
Sigma_Ag_C15:	5.6237259247
