Mean_Mo_C9:	92.244368914
Sigma_Mo_C9:	9.79879257806
Mean_Ag_C9:	121.71857842
Sigma_Ag_C9:	6.34942087757
