Mean_Mo_C7:	96.7064855659
Sigma_Mo_C7:	9.57492337122
Mean_In_C7:	137.027203774
Sigma_In_C7:	12.1087488112
