Mean_Mo_C7:	100.008078953
Sigma_Mo_C7:	10.3400318032
Mean_Cu_C7:	48.5068641861
Sigma_Cu_C7:	8.76136204871
