Mean_Mo_C9:	90.7265300297
Sigma_Mo_C9:	9.50923153555
Mean_In_C9:	130.574457609
Sigma_In_C9:	10.9427247227
