Mean_Mo_C4:	105.340117876
Sigma_Mo_C4:	9.80020901509
Mean_Cu_C4:	50.6758289811
Sigma_Cu_C4:	8.55245614857
