Mean_Mo_C13:	102.46336627
Sigma_Mo_C13:	10.7663806318
Mean_Ag_C13:	133.949490724
Sigma_Ag_C13:	6.25338299792
