Mean_Mo_C13:	101.131404476
Sigma_Mo_C13:	9.92485268688
Mean_In_C13:	143.095100306
Sigma_In_C13:	10.3802409021
