Mean_Mo_C10:	101.855965
Sigma_Mo_C10:	9.58015118346
Mean_Cu_C10:	49.0560534037
Sigma_Cu_C10:	8.67980509907
