Mean_Mo_C2:	99.2600366026
Sigma_Mo_C2:	10.2133417725
Mean_Cu_C2:	45.7302078302
Sigma_Cu_C2:	8.31154644328
