Mean_Mo_C8:	97.4949237806
Sigma_Mo_C8:	10.1011561636
Mean_In_C8:	139.806929378
Sigma_In_C8:	10.7582053989
