Mean_Mo_C10:	99.3574798083
Sigma_Mo_C10:	9.62464939703
Mean_Sn_C10:	145.255712504
Sigma_Sn_C10:	12.1229304454
