Mean_Mo_C2:	94.5739934178
Sigma_Mo_C2:	10.2381869218
Mean_In_C2:	134.564394896
Sigma_In_C2:	11.0023208838
