Mean_Mo_C11:	96.7553644829
Sigma_Mo_C11:	9.80103826944
Mean_Sn_C11:	143.06656402
Sigma_Sn_C11:	10.65990039
