Mean_Mo_C2:	95.5568188586
Sigma_Mo_C2:	9.60962049799
Mean_Sn_C2:	140.249664404
Sigma_Sn_C2:	11.3824075773
