Mean_Mo_C3:	95.3309946622
Sigma_Mo_C3:	10.6231363288
Mean_In_C3:	135.927867922
Sigma_In_C3:	11.3988510424
