Mean_Mo_C8:	101.574463188
Sigma_Mo_C8:	10.178398637
Mean_Cu_C8:	47.6738035385
Sigma_Cu_C8:	10.5220034852
