Mean_Mo_C3:	95.1032323311
Sigma_Mo_C3:	10.3209483043
Mean_Sn_C3:	140.626423143
Sigma_Sn_C3:	11.6576828462
