Mean_Mo_C6:	67.7295436761
Sigma_Mo_C6:	18.1542533866
Mean_Cu_C6:	-18.4041363853
Sigma_Cu_C6:	0.00437716170132
