Mean_Mo_C12:	101.842292218
Sigma_Mo_C12:	10.0637052585
Mean_Ag_C12:	133.62176823
Sigma_Ag_C12:	7.8635095964
