Mean_Mo_C11:	99.9473234117
Sigma_Mo_C11:	9.64384463348
Mean_Cu_C11:	46.6817832832
Sigma_Cu_C11:	8.45724678082
