Mean_Mo_C12:	105.065176011
Sigma_Mo_C12:	10.4779047285
Mean_Cu_C12:	48.111134105
Sigma_Cu_C12:	8.89889680576
