Mean_Mo_C0:	96.400050078
Sigma_Mo_C0:	11.1335511358
Mean_In_C0:	137.917288798
Sigma_In_C0:	10.6739413568
