Mean_Mo_C10:	99.078377416
Sigma_Mo_C10:	9.85052290907
Mean_In_C10:	140.266558284
Sigma_In_C10:	11.3800558758
