Mean_Mo_C7:	97.0858485165
Sigma_Mo_C7:	9.41259971515
Mean_Sn_C7:	142.892453536
Sigma_Sn_C7:	12.7669428875
