Mean_Mo_C10:	100.231817331
Sigma_Mo_C10:	10.1615233307
Mean_Ag_C10:	130.476128529
Sigma_Ag_C10:	6.59883714494
