Mean_Mo_C1:	95.3105594966
Sigma_Mo_C1:	12.0292586801
Mean_Sn_C1:	141.623247698
Sigma_Sn_C1:	11.070761818
