Mean_Mo_C11:	96.2662492083
Sigma_Mo_C11:	10.1404915499
Mean_In_C11:	136.770871633
Sigma_In_C11:	10.7197305259
