Mean_Mo_C6:	26.9585885779
Sigma_Mo_C6:	91.3158793895
Mean_Ag_C6:	112.272849627
Sigma_Ag_C6:	71.3192092134
