Mean_Mo_C0:	99.8095142004
Sigma_Mo_C0:	11.171485788
Mean_Cu_C0:	46.4786183291
Sigma_Cu_C0:	8.5586207663
