Mean_Mo_C9:	94.8208494919
Sigma_Mo_C9:	9.30119986816
Mean_Cu_C9:	43.4868289194
Sigma_Cu_C9:	8.16143757134
