Mean_Mo_C8:	98.2771043741
Sigma_Mo_C8:	10.1664831791
Mean_Ag_C8:	130.424138577
Sigma_Ag_C8:	6.9383064641
