Mean_Mo_C0:	98.3174525264
Sigma_Mo_C0:	12.0121842194
Mean_Ag_C0:	128.346818445
Sigma_Ag_C0:	7.19778190992
