Mean_Mo_C15:	90.5886580264
Sigma_Mo_C15:	11.3198929492
Mean_In_C15:	129.803242751
Sigma_In_C15:	9.16013476824
