Mean_Mo_C8:	98.110360574
Sigma_Mo_C8:	9.63440335077
Mean_Sn_C8:	146.366038561
Sigma_Sn_C8:	12.6266177046
