Mean_Mo_C5:	100.807172124
Sigma_Mo_C5:	9.97227220905
Mean_In_C5:	142.952510744
Sigma_In_C5:	11.3339399624
