Mean_Mo_C3:	95.12481014
Sigma_Mo_C3:	10.3514285655
Mean_Ag_C3:	125.254378814
Sigma_Ag_C3:	6.83844171168
