Mean_Mo_C4:	102.707603531
Sigma_Mo_C4:	9.75476063994
Mean_Sn_C4:	150.250365276
Sigma_Sn_C4:	11.8204425244
