Mean_Mo_C3:	98.2391222619
Sigma_Mo_C3:	9.64774017941
Mean_Cu_C3:	45.4769534093
Sigma_Cu_C3:	7.90182464421
