Mean_Mo_C1:	98.2960337619
Sigma_Mo_C1:	10.9982470792
Mean_Cu_C1:	45.3175954663
Sigma_Cu_C1:	8.10147346382
