Mean_Mo_C11:	97.4253174181
Sigma_Mo_C11:	11.2610964682
Mean_Ag_C11:	128.100223727
Sigma_Ag_C11:	6.19506922081
