Mean_Mo_C15:	93.7112563568
Sigma_Mo_C15:	9.79667978246
Mean_Cu_C15:	44.4774516696
Sigma_Cu_C15:	7.91158052409
