Mean_Mo_C7:	97.4844135554
Sigma_Mo_C7:	9.84401438981
Mean_Ag_C7:	128.155830417
Sigma_Ag_C7:	7.02887800297
