Mean_Mo_C4:	102.997209592
Sigma_Mo_C4:	10.7418599641
Mean_Ag_C4:	134.402196537
Sigma_Ag_C4:	5.40724919933
