Mean_Mo_C13:	105.1640387
Sigma_Mo_C13:	10.3046195866
Mean_Cu_C13:	50.8227489056
Sigma_Cu_C13:	8.68926189852
