Mean_Mo_C5:	104.94674074
Sigma_Mo_C5:	9.82227083667
Mean_Cu_C5:	50.1669863476
Sigma_Cu_C5:	8.99605817329
