Mean_Mo_C4:	101.681783436
Sigma_Mo_C4:	10.3594641583
Mean_In_C4:	143.949589053
Sigma_In_C4:	10.5394801928
