Mean_Mo_C13:	101.821363129
Sigma_Mo_C13:	9.95961667227
Mean_Sn_C13:	149.85762701
Sigma_Sn_C13:	12.161894527
