Mean_Mo_C15:	90.6177716107
Sigma_Mo_C15:	10.6202770421
Mean_Sn_C15:	135.657418429
Sigma_Sn_C15:	10.2646545363
