Mean_Mo_C14:	102.540391631
Sigma_Mo_C14:	10.6665708344
Mean_Cu_C14:	45.918846095
Sigma_Cu_C14:	9.79191678437
