Mean_Mo_C1:	122.663196504
Sigma_Mo_C1:	8.93799746682
Mean_Ag_C1:	186.185488859
Sigma_Ag_C1:	9.46993151059
