Mean_Mo_C14:	99.5370831713
Sigma_Mo_C14:	12.9592078222
Mean_Ag_C14:	132.041439071
Sigma_Ag_C14:	7.45519664246
