Mean_Mo_C2:	95.2345291201
Sigma_Mo_C2:	10.7533224815
Mean_Ag_C2:	125.138970764
Sigma_Ag_C2:	6.70760829658
