Mean_Mo_C14:	99.5700367006
Sigma_Mo_C14:	14.6706070426
Mean_Sn_C14:	149.148853419
Sigma_Sn_C14:	10.0128206888
