Mean_Mo_C12:	102.57615128
Sigma_Mo_C12:	10.2217211861
Mean_In_C12:	144.478187398
Sigma_In_C12:	10.5158126974
