Mean_Mo_C6:	41.0432998232
Sigma_Mo_C6:	22.6528271067
Mean_In_C6:	101.287350668
Sigma_In_C6:	37.1786078703
