Mean_Mo_C14:	99.9467284306
Sigma_Mo_C14:	12.889335249
Mean_In_C14:	144.444811568
Sigma_In_C14:	10.7380766608
