Mean_Mo_C5:	102.504016485
Sigma_Mo_C5:	10.4262407928
Mean_Ag_C5:	134.092908241
Sigma_Ag_C5:	6.57666248968
