Mean_Mo_C12:	101.567983202
Sigma_Mo_C12:	9.98513982353
Mean_Sn_C12:	150.329640066
Sigma_Sn_C12:	11.2211079725
