Mean_Mo_C1:	96.4310608163
Sigma_Mo_C1:	11.9480220383
Mean_In_C1:	136.6068729
Sigma_In_C1:	8.58023182606
