Mean_Mo_C6:	38.1031522678
Sigma_Mo_C6:	16.3980092467
Mean_Sn_C6:	86.2197518582
Sigma_Sn_C6:	19.3074440267
