Mean_Mo_C0:	96.330783191
Sigma_Mo_C0:	11.9391177285
Mean_Sn_C0:	144.274483844
Sigma_Sn_C0:	10.803216936
