Mean_Mo_C9:	91.1458623744
Sigma_Mo_C9:	8.83766022694
Mean_Sn_C9:	136.492708565
Sigma_Sn_C9:	11.5996246691
