Mean_Mo_C0:	84.3713731012
Sigma_Mo_C0:	10.7260628039
Mean_Cu_C0:	33.7210699259
Sigma_Cu_C0:	10.3065657625
