Mean_Mo_C13:	78.1797406299
Sigma_Mo_C13:	10.1280594408
Mean_Sn_C13:	122.6933463
Sigma_Sn_C13:	11.5949268369
