Mean_Mo_C8:	78.0855198373
Sigma_Mo_C8:	9.44391390229
Mean_Sn_C8:	119.896566521
Sigma_Sn_C8:	12.1133832407
