Mean_Mo_C15:	81.8835451893
Sigma_Mo_C15:	11.0050613555
Mean_Cu_C15:	31.5340547392
Sigma_Cu_C15:	9.29370256586
