Mean_Mo_C14:	83.9923392075
Sigma_Mo_C14:	16.0019849905
Mean_Sn_C14:	133.346747029
Sigma_Sn_C14:	11.4017447343
