Mean_Mo_C10:	70.8889657752
Sigma_Mo_C10:	10.7293515746
Mean_Ag_C10:	101.09942704
Sigma_Ag_C10:	6.74719516569
