Mean_Mo_C11:	69.016408103
Sigma_Mo_C11:	9.91710586537
Mean_Sn_C11:	111.511030669
Sigma_Sn_C11:	11.9082953472
