Mean_Mo_C9:	75.4170944918
Sigma_Mo_C9:	10.0799196593
Mean_In_C9:	114.629101873
Sigma_In_C9:	10.6893494312
