Mean_Mo_C7:	74.9527486438
Sigma_Mo_C7:	11.7218624208
Mean_Ag_C7:	105.513070417
Sigma_Ag_C7:	6.56467898694
