Mean_Mo_C1:	104.060637485
Sigma_Mo_C1:	11.0568951654
Mean_Ag_C1:	155.110474337
Sigma_Ag_C1:	5.96680630059
