Mean_Mo_C13:	83.0881733846
Sigma_Mo_C13:	9.92289619322
Mean_Cu_C13:	34.7761167265
Sigma_Cu_C13:	9.19602121518
