Mean_Mo_C11:	69.1284582046
Sigma_Mo_C11:	10.5704753403
Mean_Ag_C11:	97.5308950722
Sigma_Ag_C11:	6.48821783191
