Mean_Mo_C5:	75.6414436407
Sigma_Mo_C5:	12.074212364
Mean_In_C5:	117.848194964
Sigma_In_C5:	11.1387659247
