Mean_Mo_C15:	77.6019868714
Sigma_Mo_C15:	10.7485596047
Mean_Sn_C15:	122.918525457
Sigma_Sn_C15:	10.1751678864
