Mean_Mo_C9:	81.7541927554
Sigma_Mo_C9:	10.0753802724
Mean_Cu_C9:	32.2635857192
Sigma_Cu_C9:	10.1146999739
