Mean_Mo_C0:	79.0421321404
Sigma_Mo_C0:	11.8513263343
Mean_In_C0:	120.895800066
Sigma_In_C0:	10.509040486
