Mean_Mo_C8:	77.8089351042
Sigma_Mo_C8:	10.5365006001
Mean_Ag_C8:	106.348000325
Sigma_Ag_C8:	5.32670771294
