Mean_Mo_C11:	69.0474245896
Sigma_Mo_C11:	9.87345832061
Mean_In_C11:	107.066639372
Sigma_In_C11:	9.34422422774
