Mean_Mo_C2:	77.5172947473
Sigma_Mo_C2:	10.3592779659
Mean_Sn_C2:	122.059933607
Sigma_Sn_C2:	10.8953480085
