Mean_Mo_C5:	76.7647629714
Sigma_Mo_C5:	11.0742765596
Mean_Sn_C5:	122.484928715
Sigma_Sn_C5:	11.5972909187
