Mean_Mo_C10:	71.5093533589
Sigma_Mo_C10:	10.2020458085
Mean_Sn_C10:	115.021785723
Sigma_Sn_C10:	11.498362478
