Mean_Mo_C2:	78.2856058861
Sigma_Mo_C2:	11.928241386
Mean_Ag_C2:	108.689878455
Sigma_Ag_C2:	7.73191648565
