Mean_Mo_C5:	82.201811589
Sigma_Mo_C5:	11.5600290042
Mean_Cu_C5:	30.8900730697
Sigma_Cu_C5:	11.5762062599
