Mean_Mo_C13:	77.6574243832
Sigma_Mo_C13:	10.3335337381
Mean_In_C13:	116.177124846
Sigma_In_C13:	10.5276412916
