Mean_Mo_C1:	78.5731235153
Sigma_Mo_C1:	14.6580519422
Mean_In_C1:	121.058813985
Sigma_In_C1:	8.05941844205
