Mean_Mo_C2:	77.5320736055
Sigma_Mo_C2:	11.1593451913
Mean_In_C2:	118.05736918
Sigma_In_C2:	10.8116948623
