Mean_Mo_C3:	82.8924331268
Sigma_Mo_C3:	11.318289447
Mean_Sn_C3:	128.51078597
Sigma_Sn_C3:	11.5277128228
