Mean_Mo_C2:	82.0111090783
Sigma_Mo_C2:	11.4814194414
Mean_Cu_C2:	32.1285262244
Sigma_Cu_C2:	9.09079986619
