Mean_Mo_C14:	86.0428918809
Sigma_Mo_C14:	20.4245531475
Mean_Ag_C14:	116.919371766
Sigma_Ag_C14:	7.83185972907
