Mean_Mo_C12:	74.8136205034
Sigma_Mo_C12:	10.9389574042
Mean_Sn_C12:	120.047423706
Sigma_Sn_C12:	10.6867173288
