Mean_Mo_C12:	74.4510208719
Sigma_Mo_C12:	10.1962771329
Mean_In_C12:	113.821331988
Sigma_In_C12:	10.6694067161
