Mean_Mo_C8:	78.1612161604
Sigma_Mo_C8:	9.37884221711
Mean_In_C8:	115.055135996
Sigma_In_C8:	12.2640009893
