Mean_Mo_C11:	75.3553365059
Sigma_Mo_C11:	10.5350682189
Mean_Cu_C11:	27.9692388217
Sigma_Cu_C11:	8.9700226415
