Mean_Mo_C4:	80.7557929637
Sigma_Mo_C4:	10.020444791
Mean_In_C4:	121.775447466
Sigma_In_C4:	11.1163860796
