Mean_Mo_C1:	83.4158796
Sigma_Mo_C1:	12.158341182
Mean_Cu_C1:	34.8193441448
Sigma_Cu_C1:	8.31337821734
