Mean_Mo_C0:	80.1987043819
Sigma_Mo_C0:	11.9533654474
Mean_Ag_C0:	110.510301297
Sigma_Ag_C0:	6.62518122508
