Mean_Mo_C0:	79.4846469505
Sigma_Mo_C0:	11.9860278447
Mean_Sn_C0:	125.846032533
Sigma_Sn_C0:	9.82962765448
