Mean_Mo_C7:	75.1445666028
Sigma_Mo_C7:	10.903724949
Mean_In_C7:	114.22894997
Sigma_In_C7:	11.4340427348
