Mean_Mo_C1:	79.5345804498
Sigma_Mo_C1:	11.5950880358
Mean_Sn_C1:	122.713929704
Sigma_Sn_C1:	12.1761360377
