Mean_Mo_C12:	74.7191869986
Sigma_Mo_C12:	11.6850450549
Mean_Ag_C12:	105.083769824
Sigma_Ag_C12:	6.01390052581
