Mean_Mo_C10:	71.366279251
Sigma_Mo_C10:	10.5462289447
Mean_In_C10:	109.941195235
Sigma_In_C10:	10.00768352
