Mean_Mo_C6:	70.9598948087
Sigma_Mo_C6:	11.5000053258
Mean_In_C6:	110.468275838
Sigma_In_C6:	10.200447744
