Mean_Mo_C6:	71.4298488521
Sigma_Mo_C6:	10.9247773522
Mean_Sn_C6:	114.372301489
Sigma_Sn_C6:	13.2319682197
