Mean_Mo_C10:	77.2588897946
Sigma_Mo_C10:	10.5235157772
Mean_Cu_C10:	27.5472692792
Sigma_Cu_C10:	9.1841671986
