Mean_Mo_C3:	83.0891865108
Sigma_Mo_C3:	10.5717980298
Mean_In_C3:	123.912816902
Sigma_In_C3:	11.0658615402
