Mean_Mo_C13:	79.1805605942
Sigma_Mo_C13:	11.6265310948
Mean_Ag_C13:	108.571586923
Sigma_Ag_C13:	6.77564064281
