Mean_Mo_C7:	74.9176749602
Sigma_Mo_C7:	10.5685270638
Mean_Sn_C7:	119.300043074
Sigma_Sn_C7:	13.0283535998
