Mean_Mo_C7:	80.0069067334
Sigma_Mo_C7:	10.9284510836
Mean_Cu_C7:	32.3552463824
Sigma_Cu_C7:	9.88595555812
