Mean_Mo_C9:	75.4020085202
Sigma_Mo_C9:	10.2125976048
Mean_Sn_C9:	121.00499365
Sigma_Sn_C9:	11.741422959
