Mean_Mo_C15:	77.1534890433
Sigma_Mo_C15:	12.0349286515
Mean_In_C15:	116.747002486
Sigma_In_C15:	9.24767727842
