Mean_Mo_C14:	84.151963422
Sigma_Mo_C14:	14.3647660706
Mean_In_C14:	126.566231031
Sigma_In_C14:	10.8618105607
