Mean_Mo_C8:	83.057390968
Sigma_Mo_C8:	9.53016149122
Mean_Cu_C8:	35.0966294121
Sigma_Cu_C8:	9.25320060776
