Mean_Mo_C3:	83.5885148518
Sigma_Mo_C3:	11.4774498804
Mean_Ag_C3:	114.154632059
Sigma_Ag_C3:	6.87410360365
