Mean_Mo_C6:	77.0577617102
Sigma_Mo_C6:	10.8880045287
Mean_Cu_C6:	30.6631340569
Sigma_Cu_C6:	10.0537246885
