Mean_Mo_C12:	80.7005196339
Sigma_Mo_C12:	11.0033406118
Mean_Cu_C12:	29.6965880493
Sigma_Cu_C12:	9.97903782489
