Mean_Mo_C4:	80.7330965132
Sigma_Mo_C4:	10.061541235
Mean_Sn_C4:	127.811317522
Sigma_Sn_C4:	11.9100689366
