Mean_Mo_C4:	85.5719459263
Sigma_Mo_C4:	10.6659833096
Mean_Cu_C4:	31.1337251537
Sigma_Cu_C4:	10.3019571076
