Mean_Mo_C3:	89.1139771476
Sigma_Mo_C3:	10.3231316545
Mean_Cu_C3:	36.5240728477
Sigma_Cu_C3:	9.12459179757
