Mean_Mo_C4:	80.4017594379
Sigma_Mo_C4:	11.4847192816
Mean_Ag_C4:	111.926610362
Sigma_Ag_C4:	6.95198534468
