Mean_Mo_C9:	75.5519070998
Sigma_Mo_C9:	10.3310149518
Mean_Ag_C9:	106.31867643
Sigma_Ag_C9:	7.28175932609
