Mean_Mo_C6:	71.4813034027
Sigma_Mo_C6:	11.2895839952
Mean_Ag_C6:	102.026560842
Sigma_Ag_C6:	6.28940500648
