Mean_Mo_C15:	78.8274839183
Sigma_Mo_C15:	13.4030637399
Mean_Ag_C15:	107.075316148
Sigma_Ag_C15:	6.08898841365
