Mean_Mo_C14:	90.1935231578
Sigma_Mo_C14:	13.6432438181
Mean_Cu_C14:	36.072983159
Sigma_Cu_C14:	10.8024296055
