Mean_Mo_C5:	76.4335343892
Sigma_Mo_C5:	11.4919903126
Mean_Ag_C5:	108.061098886
Sigma_Ag_C5:	7.00454722258
