Mean_Mo_C15:	89.1578809054
Sigma_Mo_C15:	10.4700740315
Mean_Cu_C15:	35.1706925383
Sigma_Cu_C15:	8.55576358927
