Mean_Mo_C1:	90.9364509155
Sigma_Mo_C1:	11.6873320673
Mean_In_C1:	130.87826789
Sigma_In_C1:	9.90853155022
