Mean_Mo_C11:	91.7944275668
Sigma_Mo_C11:	11.1467227006
Mean_Ag_C11:	121.967279312
Sigma_Ag_C11:	7.08687493294
