Mean_Mo_C12:	87.0971629747
Sigma_Mo_C12:	10.5762385055
Mean_Sn_C12:	133.572570284
Sigma_Sn_C12:	11.050075987
