Mean_Mo_C1:	89.6185806218
Sigma_Mo_C1:	10.9904048672
Mean_Ag_C1:	118.78550613
Sigma_Ag_C1:	7.1853735141
