Mean_Mo_C10:	91.3755362142
Sigma_Mo_C10:	11.1372415168
Mean_In_C10:	133.512629374
Sigma_In_C10:	10.4750849917
