Mean_Mo_C8:	87.3355585209
Sigma_Mo_C8:	9.88144680306
Mean_In_C8:	125.940090498
Sigma_In_C8:	9.39053490367
