Mean_Mo_C7:	91.2471699986
Sigma_Mo_C7:	9.59342427557
Mean_Ag_C7:	120.861024153
Sigma_Ag_C7:	5.96945972037
