Mean_Mo_C6:	84.8594410367
Sigma_Mo_C6:	9.65229281384
Mean_Sn_C6:	130.615885444
Sigma_Sn_C6:	11.5991975693
