Mean_Mo_C2:	89.719127811
Sigma_Mo_C2:	11.6816908297
Mean_Sn_C2:	135.641636079
Sigma_Sn_C2:	11.4627076445
