Mean_Mo_C10:	90.6254249829
Sigma_Mo_C10:	10.1163186212
Mean_Sn_C10:	137.81005275
Sigma_Sn_C10:	12.1110153427
