Mean_Mo_C14:	96.4754831208
Sigma_Mo_C14:	13.8985015761
Mean_Sn_C14:	144.474362716
Sigma_Sn_C14:	10.6584371545
