Mean_Mo_C10:	91.1591238711
Sigma_Mo_C10:	10.7393265846
Mean_Ag_C10:	121.655101132
Sigma_Ag_C10:	6.98275832464
