Mean_Mo_C2:	90.2446978225
Sigma_Mo_C2:	10.3229871092
Mean_Cu_C2:	36.9147020658
Sigma_Cu_C2:	7.97601020542
