Mean_Mo_C12:	87.4389549968
Sigma_Mo_C12:	9.79593553109
Mean_Cu_C12:	34.7908768639
Sigma_Cu_C12:	8.00008145893
