Mean_Mo_C6:	85.5172497273
Sigma_Mo_C6:	10.3078589146
Mean_Ag_C6:	115.633815125
Sigma_Ag_C6:	7.11669366107
