Mean_Mo_C4:	94.2486737984
Sigma_Mo_C4:	10.8218656079
Mean_In_C4:	135.931989641
Sigma_In_C4:	11.4477607529
