Mean_Mo_C13:	92.5907346608
Sigma_Mo_C13:	10.5363544021
Mean_Ag_C13:	121.414485043
Sigma_Ag_C13:	6.90884993428
