Mean_Mo_C0:	95.207383371
Sigma_Mo_C0:	12.5870208249
Mean_In_C0:	137.886053608
Sigma_In_C0:	10.5316696757
