Mean_Mo_C7:	92.3869429189
Sigma_Mo_C7:	9.03168577454
Mean_In_C7:	133.586619891
Sigma_In_C7:	11.0328218578
