Mean_Mo_C4:	92.4689076122
Sigma_Mo_C4:	10.9659822138
Mean_Sn_C4:	140.140320209
Sigma_Sn_C4:	10.7714187849
