Mean_Mo_C15:	91.1902398051
Sigma_Mo_C15:	13.9268200264
Mean_Ag_C15:	122.709986336
Sigma_Ag_C15:	6.51119258581
