Mean_Mo_C11:	91.376774816
Sigma_Mo_C11:	9.65630986666
Mean_Sn_C11:	137.003542775
Sigma_Sn_C11:	11.5268511298
