Mean_Mo_C9:	90.4089110363
Sigma_Mo_C9:	8.66266130493
Mean_Cu_C9:	37.8783296052
Sigma_Cu_C9:	8.06674719675
