Mean_Mo_C3:	89.3666628699
Sigma_Mo_C3:	10.6002796688
Mean_Sn_C3:	137.855093758
Sigma_Sn_C3:	12.2645563921
