Mean_Mo_C14:	95.1692316729
Sigma_Mo_C14:	11.6833589944
Mean_Cu_C14:	39.2244661387
Sigma_Cu_C14:	8.66830603347
