Mean_Mo_C9:	92.4655991774
Sigma_Mo_C9:	9.11968904671
Mean_In_C9:	132.635369378
Sigma_In_C9:	10.5968408319
