Mean_Mo_C5:	85.4198039281
Sigma_Mo_C5:	9.09164068742
Mean_Cu_C5:	34.3723321565
Sigma_Cu_C5:	8.05298741515
