Mean_Mo_C4:	92.0442020467
Sigma_Mo_C4:	9.87274381397
Mean_Cu_C4:	37.6524761483
Sigma_Cu_C4:	8.75876258883
