Mean_Mo_C12:	88.0788560075
Sigma_Mo_C12:	10.1386957199
Mean_In_C12:	128.757900557
Sigma_In_C12:	10.2338890998
