Mean_Mo_C8:	85.8223931129
Sigma_Mo_C8:	8.95401701119
Mean_Cu_C8:	36.6521676032
Sigma_Cu_C8:	8.76727740498
