Mean_Mo_C11:	91.3037560847
Sigma_Mo_C11:	9.86880701126
Mean_Cu_C11:	38.2295716989
Sigma_Cu_C11:	8.23337588754
