Mean_Mo_C1:	91.1274999629
Sigma_Mo_C1:	11.13694822
Mean_Sn_C1:	134.793284232
Sigma_Sn_C1:	10.0830066639
