Mean_Mo_C0:	93.6418955538
Sigma_Mo_C0:	10.9904287105
Mean_Cu_C0:	39.3903925931
Sigma_Cu_C0:	8.85990237678
