Mean_Mo_C6:	87.1710837982
Sigma_Mo_C6:	9.49820528691
Mean_In_C6:	126.302006957
Sigma_In_C6:	11.1093040251
