Mean_Mo_C5:	86.3079706669
Sigma_Mo_C5:	10.0341977598
Mean_Ag_C5:	115.700083222
Sigma_Ag_C5:	6.86763574161
