Mean_Mo_C4:	92.6318227731
Sigma_Mo_C4:	10.560409297
Mean_Ag_C4:	123.651832714
Sigma_Ag_C4:	6.89900277904
