Mean_Mo_C2:	90.5426234334
Sigma_Mo_C2:	10.2273343481
Mean_In_C2:	130.163231195
Sigma_In_C2:	10.5434650168
