Mean_Mo_C9:	90.1453415814
Sigma_Mo_C9:	9.35124886571
Mean_Ag_C9:	120.749139212
Sigma_Ag_C9:	7.32226864552
