Mean_Mo_C8:	84.9417847931
Sigma_Mo_C8:	9.71364390153
Mean_Sn_C8:	127.647483341
Sigma_Sn_C8:	12.9208724591
