Mean_Mo_C15:	90.0356677054
Sigma_Mo_C15:	12.6627831889
Mean_Sn_C15:	138.254504694
Sigma_Sn_C15:	10.54169854
