Mean_Mo_C6:	85.388740991
Sigma_Mo_C6:	9.17416385735
Mean_Cu_C6:	34.6459313324
Sigma_Cu_C6:	9.2402816633
