Mean_Mo_C3:	91.6409119608
Sigma_Mo_C3:	11.0180600437
Mean_In_C3:	133.223571304
Sigma_In_C3:	10.407626074
