Mean_Mo_C15:	91.4119506778
Sigma_Mo_C15:	11.9265642008
Mean_In_C15:	133.087821308
Sigma_In_C15:	9.90513873427
