Mean_Mo_C3:	89.7502653306
Sigma_Mo_C3:	10.3459171751
Mean_Cu_C3:	35.7636185747
Sigma_Cu_C3:	9.07581826409
