Mean_Mo_C9:	90.4481158492
Sigma_Mo_C9:	9.1327533894
Mean_Sn_C9:	135.927686837
Sigma_Sn_C9:	10.8729427252
