Mean_Mo_C14:	123.141284109
Sigma_Mo_C14:	9.79401690662
Mean_Ag_C14:	-148.458018734
Sigma_Ag_C14:	98.7394677309
