Mean_Mo_C8:	85.1283593337
Sigma_Mo_C8:	9.42979628013
Mean_Ag_C8:	114.324354862
Sigma_Ag_C8:	7.14205849342
