Mean_Mo_C10:	90.6094763868
Sigma_Mo_C10:	9.85186276899
Mean_Cu_C10:	37.6183960137
Sigma_Cu_C10:	8.19223020514
