Mean_Mo_C13:	91.4983060687
Sigma_Mo_C13:	9.82556176162
Mean_Cu_C13:	40.9911381247
Sigma_Cu_C13:	7.81127801694
