Mean_Mo_C14:	95.9518889597
Sigma_Mo_C14:	14.3614123278
Mean_In_C14:	139.508066009
Sigma_In_C14:	10.6501412689
