Mean_Mo_C5:	87.048400648
Sigma_Mo_C5:	9.76253413117
Mean_In_C5:	126.920893879
Sigma_In_C5:	10.8351195528
