Mean_Mo_C3:	90.6409163312
Sigma_Mo_C3:	11.9235008093
Mean_Ag_C3:	122.371941732
Sigma_Ag_C3:	6.52768498514
