Mean_Mo_C11:	92.5172477015
Sigma_Mo_C11:	10.926611025
Mean_In_C11:	133.721790583
Sigma_In_C11:	11.3873033994
