Mean_Mo_C13:	92.2643955519
Sigma_Mo_C13:	9.73296703288
Mean_Sn_C13:	136.560137632
Sigma_Sn_C13:	11.0857681524
