Mean_Mo_C1:	90.1230823076
Sigma_Mo_C1:	10.0281860258
Mean_Cu_C1:	39.7272210113
Sigma_Cu_C1:	7.29305783542
