Mean_Mo_C5:	85.3170273394
Sigma_Mo_C5:	9.92447686091
Mean_Sn_C5:	130.617049994
Sigma_Sn_C5:	11.3871468524
