Mean_Mo_C13:	92.7339970622
Sigma_Mo_C13:	10.0607855112
Mean_In_C13:	132.365071633
Sigma_In_C13:	10.0980583993
