Mean_Mo_C0:	93.9208450485
Sigma_Mo_C0:	11.7935764126
Mean_Ag_C0:	125.16432049
Sigma_Ag_C0:	7.27611511117
