Mean_Mo_C7:	90.6957854952
Sigma_Mo_C7:	9.25724297147
Mean_Sn_C7:	137.455932334
Sigma_Sn_C7:	11.9322138996
