Mean_Mo_C0:	94.7061202367
Sigma_Mo_C0:	11.4070451853
Mean_Sn_C0:	142.620256383
Sigma_Sn_C0:	10.4468822604
