Mean_Mo_C7:	91.5403381268
Sigma_Mo_C7:	8.81229490426
Mean_Cu_C7:	39.6278925467
Sigma_Cu_C7:	8.53511944651
