Mean_Mo_C12:	87.4941739525
Sigma_Mo_C12:	10.9794423897
Mean_Ag_C12:	117.930658673
Sigma_Ag_C12:	6.63615164536
