Mean_Mo_C2:	89.5504113794
Sigma_Mo_C2:	11.1835026549
Mean_Ag_C2:	119.526137107
Sigma_Ag_C2:	7.18865673412
