Mean_Mo_C12:	94.412695142
Sigma_Mo_C12:	10.7716261824
Mean_In_C12:	135.558446901
Sigma_In_C12:	10.0905154909
