Mean_Mo_C6:	89.0922250401
Sigma_Mo_C6:	12.1605048631
Mean_Cu_C6:	43.374420087
Sigma_Cu_C6:	12.2575838397
