Mean_Mo_C2:	94.8863923221
Sigma_Mo_C2:	9.45204417391
Mean_Sn_C2:	141.248783412
Sigma_Sn_C2:	12.0680695244
