Mean_Mo_C4:	94.3090264577
Sigma_Mo_C4:	9.43405421523
Mean_In_C4:	136.942085501
Sigma_In_C4:	10.5507071248
