Mean_Mo_C11:	89.1832941098
Sigma_Mo_C11:	10.1438252191
Mean_Sn_C11:	133.944446228
Sigma_Sn_C11:	9.77466884141
