Mean_Mo_C11:	89.1014262094
Sigma_Mo_C11:	10.1947368619
Mean_Ag_C11:	118.285985535
Sigma_Ag_C11:	6.1878088313
