Mean_Mo_C3:	87.0146154547
Sigma_Mo_C3:	9.92373596276
Mean_In_C3:	125.783545346
Sigma_In_C3:	9.30007836104
