Mean_Mo_C9:	92.3417379256
Sigma_Mo_C9:	9.15274149287
Mean_In_C9:	130.300060167
Sigma_In_C9:	10.1097718432
