Mean_Mo_C12:	94.2335101432
Sigma_Mo_C12:	10.1987378938
Mean_Sn_C12:	140.37850231
Sigma_Sn_C12:	10.7484714577
