Mean_Mo_C7:	93.1563719414
Sigma_Mo_C7:	8.89254898887
Mean_Cu_C7:	43.7561666877
Sigma_Cu_C7:	7.82234305196
