Mean_Mo_C4:	95.4246830177
Sigma_Mo_C4:	10.1858705472
Mean_Ag_C4:	126.563295381
Sigma_Ag_C4:	6.89199325622
