Mean_Mo_C1:	93.5120131888
Sigma_Mo_C1:	11.500685442
Mean_Sn_C1:	139.25476313
Sigma_Sn_C1:	11.0940792942
