Mean_Mo_C4:	94.9023384979
Sigma_Mo_C4:	9.58409288886
Mean_Sn_C4:	142.499758409
Sigma_Sn_C4:	10.0205896677
