Mean_Mo_C3:	86.83498682
Sigma_Mo_C3:	9.54351999043
Mean_Sn_C3:	131.041048415
Sigma_Sn_C3:	10.7007065096
