Mean_Mo_C2:	93.6114234057
Sigma_Mo_C2:	10.0934983097
Mean_In_C2:	134.711534316
Sigma_In_C2:	9.52935495429
