Mean_Mo_C13:	93.0644739443
Sigma_Mo_C13:	10.085801603
Mean_In_C13:	132.544106164
Sigma_In_C13:	10.0858930838
