Mean_Mo_C15:	87.5528179189
Sigma_Mo_C15:	10.7200742213
Mean_Sn_C15:	130.522974265
Sigma_Sn_C15:	11.1052324816
