Mean_Mo_C12:	94.6407458434
Sigma_Mo_C12:	9.60886363423
Mean_Cu_C12:	41.0971453387
Sigma_Cu_C12:	7.59766333266
