Mean_Mo_C10:	94.3339516651
Sigma_Mo_C10:	8.83686889829
Mean_Sn_C10:	139.234380383
Sigma_Sn_C10:	10.1246385278
