Mean_Mo_C4:	94.8096849934
Sigma_Mo_C4:	9.51091432863
Mean_Cu_C4:	41.7847514422
Sigma_Cu_C4:	7.98414334307
