Mean_Mo_C2:	95.5409947376
Sigma_Mo_C2:	9.41116266179
Mean_Cu_C2:	42.3353353252
Sigma_Cu_C2:	7.83396910078
