Mean_Mo_C9:	92.8644258246
Sigma_Mo_C9:	9.31144109549
Mean_Ag_C9:	121.926209368
Sigma_Ag_C9:	6.03968928245
