Mean_Mo_C6:	90.7473989795
Sigma_Mo_C6:	13.7669976787
Mean_Ag_C6:	125.090207301
Sigma_Ag_C6:	6.02563738036
