Mean_Mo_C7:	93.5232138285
Sigma_Mo_C7:	9.39010128576
Mean_Sn_C7:	137.545376796
Sigma_Sn_C7:	11.3134573053
