Mean_Mo_C8:	104.364396277
Sigma_Mo_C8:	9.97736124126
Mean_Sn_C8:	153.498394139
Sigma_Sn_C8:	10.2746595001
