Mean_Mo_C0:	90.7558376921
Sigma_Mo_C0:	9.67450240112
Mean_Cu_C0:	39.2305120086
Sigma_Cu_C0:	8.1263247226
