Mean_Mo_C10:	94.7471166819
Sigma_Mo_C10:	9.70170187529
Mean_Ag_C10:	124.397156222
Sigma_Ag_C10:	6.7708180823
