Mean_Mo_C0:	91.0897715216
Sigma_Mo_C0:	10.797708055
Mean_Sn_C0:	136.460639465
Sigma_Sn_C0:	11.1389963936
