Mean_Mo_C9:	93.2147897506
Sigma_Mo_C9:	9.25068507454
Mean_Sn_C9:	136.717200001
Sigma_Sn_C9:	11.1190547931
