Mean_Mo_C15:	87.9717614778
Sigma_Mo_C15:	9.43150690216
Mean_Cu_C15:	38.7181055177
Sigma_Cu_C15:	7.9097245304
