Mean_Mo_C7:	92.5892665006
Sigma_Mo_C7:	9.47649941051
Mean_In_C7:	131.272660275
Sigma_In_C7:	11.5526632536
