Mean_Mo_C5:	97.299559059
Sigma_Mo_C5:	9.83582148307
Mean_Ag_C5:	128.457961286
Sigma_Ag_C5:	6.59712382177
