Mean_Mo_C14:	120.395629582
Sigma_Mo_C14:	9.97497240548
Mean_Ag_C14:	-165.083647467
Sigma_Ag_C14:	113.465058034
