Mean_Mo_C6:	87.400896177
Sigma_Mo_C6:	13.0562129619
Mean_In_C6:	131.684033926
Sigma_In_C6:	11.9764492328
