Mean_Mo_C5:	97.239337908
Sigma_Mo_C5:	8.85590014005
Mean_Sn_C5:	143.215461017
Sigma_Sn_C5:	10.4319293449
