Mean_Mo_C13:	94.4688339784
Sigma_Mo_C13:	10.5029129454
Mean_Ag_C13:	123.236395457
Sigma_Ag_C13:	5.76394244914
