Mean_Mo_C11:	89.4763957263
Sigma_Mo_C11:	8.88653050978
Mean_Cu_C11:	40.7163873675
Sigma_Cu_C11:	7.47658579593
