Mean_Mo_C3:	88.2825453684
Sigma_Mo_C3:	9.3425097352
Mean_Cu_C3:	38.7038214704
Sigma_Cu_C3:	7.0650009072
