Mean_Mo_C9:	92.6878949378
Sigma_Mo_C9:	8.58013136863
Mean_Cu_C9:	43.8603501972
Sigma_Cu_C9:	7.67945926132
