Mean_Mo_C11:	88.5802221459
Sigma_Mo_C11:	9.87356632021
Mean_In_C11:	126.55134025
Sigma_In_C11:	9.34216656666
