Mean_Mo_C15:	88.7340632005
Sigma_Mo_C15:	11.5957883016
Mean_Ag_C15:	116.903399945
Sigma_Ag_C15:	5.57966540299
