Mean_Mo_C10:	93.4658924334
Sigma_Mo_C10:	9.77620367751
Mean_In_C10:	133.569731284
Sigma_In_C10:	10.4922697046
