Mean_Mo_C14:	89.9561325007
Sigma_Mo_C14:	12.6528337819
Mean_In_C14:	133.187876008
Sigma_In_C14:	8.78981622865
