Mean_Mo_C6:	89.6059913569
Sigma_Mo_C6:	12.8448190858
Mean_Sn_C6:	138.005477486
Sigma_Sn_C6:	12.3143172578
