Mean_Mo_C1:	92.3094671939
Sigma_Mo_C1:	10.1902176121
Mean_Cu_C1:	38.9395516639
Sigma_Cu_C1:	7.61461383606
