Mean_Mo_C0:	91.3161523237
Sigma_Mo_C0:	11.9813969548
Mean_Ag_C0:	120.217542954
Sigma_Ag_C0:	5.99478540397
