Mean_Mo_C2:	94.8328420605
Sigma_Mo_C2:	9.88107180309
Mean_Ag_C2:	124.120548614
Sigma_Ag_C2:	7.01998237579
