Mean_Mo_C8:	104.46634715
Sigma_Mo_C8:	10.0004886276
Mean_Ag_C8:	136.489412309
Sigma_Ag_C8:	7.05834962062
