Mean_Mo_C7:	93.4509509723
Sigma_Mo_C7:	9.73430646737
Mean_Ag_C7:	123.015341437
Sigma_Ag_C7:	7.10751304294
