Mean_Mo_C5:	97.612237619
Sigma_Mo_C5:	9.18191371203
Mean_Cu_C5:	45.746340537
Sigma_Cu_C5:	7.525404827
