Mean_Mo_C13:	94.5643342552
Sigma_Mo_C13:	9.62449298576
Mean_Sn_C13:	137.902947609
Sigma_Sn_C13:	11.6975559081
