Mean_Mo_C8:	103.318734758
Sigma_Mo_C8:	10.1129236533
Mean_In_C8:	144.909008557
Sigma_In_C8:	12.8032135427
