Mean_Mo_C0:	89.9624771747
Sigma_Mo_C0:	11.0933841638
Mean_In_C0:	130.828045356
Sigma_In_C0:	10.6252099643
