Mean_Mo_C1:	91.9320939431
Sigma_Mo_C1:	11.7009765516
Mean_Ag_C1:	123.780637337
Sigma_Ag_C1:	5.11152599071
