Mean_Mo_C5:	96.887916686
Sigma_Mo_C5:	9.41683914666
Mean_In_C5:	137.028911804
Sigma_In_C5:	10.9171713674
