Mean_Mo_C14:	93.2072024793
Sigma_Mo_C14:	10.8292291769
Mean_Sn_C14:	138.711264083
Sigma_Sn_C14:	10.2241579435
