Mean_Mo_C8:	104.165639174
Sigma_Mo_C8:	9.43953755262
Mean_Cu_C8:	47.1437582989
Sigma_Cu_C8:	9.19307181969
