Mean_Mo_C13:	94.2462802196
Sigma_Mo_C13:	9.33888299143
Mean_Cu_C13:	42.7058708578
Sigma_Cu_C13:	7.84761734407
