Mean_Mo_C12:	94.9686728979
Sigma_Mo_C12:	11.0770960652
Mean_Ag_C12:	125.155407134
Sigma_Ag_C12:	6.15866810137
