Mean_Mo_C1:	92.6515944744
Sigma_Mo_C1:	10.2313049007
Mean_In_C1:	133.096664306
Sigma_In_C1:	7.96182845007
