Mean_Mo_C15:	87.3975176306
Sigma_Mo_C15:	10.7579091671
Mean_In_C15:	125.762210854
Sigma_In_C15:	10.5760437234
