Mean_Mo_C3:	87.6769872902
Sigma_Mo_C3:	10.7084782435
Mean_Ag_C3:	116.752267789
Sigma_Ag_C3:	6.15021558048
