Mean_Mo_C10:	94.541700903
Sigma_Mo_C10:	8.98065938575
Mean_Cu_C10:	43.7042420056
Sigma_Cu_C10:	7.58824107927
