Mean_Mo_C14:	92.7283720381
Sigma_Mo_C14:	12.0615126978
Mean_Cu_C14:	41.9083203544
Sigma_Cu_C14:	7.76350465965
