Mean_Mo_C15:	82.3921974119
Sigma_Mo_C15:	10.4260064507
Mean_Sn_C15:	127.460324181
Sigma_Sn_C15:	10.7668174945
