Mean_Mo_C6:	74.6409558052
Sigma_Mo_C6:	10.344091001
Mean_Ag_C6:	105.539857256
Sigma_Ag_C6:	7.18638316345
