Mean_Mo_C5:	67.3152007369
Sigma_Mo_C5:	9.65148074879
Mean_In_C5:	107.246826484
Sigma_In_C5:	11.2597573178
