Mean_Mo_C5:	67.8682027561
Sigma_Mo_C5:	9.78009111042
Mean_Ag_C5:	97.9259492979
Sigma_Ag_C5:	6.97088537188
