Mean_Mo_C12:	79.1464695867
Sigma_Mo_C12:	9.69120551022
Mean_Sn_C12:	126.295542828
Sigma_Sn_C12:	10.7896230725
