Mean_Mo_C0:	79.3908955896
Sigma_Mo_C0:	8.78241150644
Mean_Cu_C0:	25.8003173646
Sigma_Cu_C0:	8.36035092638
