Mean_Mo_C4:	69.5068168524
Sigma_Mo_C4:	10.0017670784
Mean_Cu_C4:	13.3379570923
Sigma_Cu_C4:	9.85061506218
