Mean_Mo_C7:	73.9477274063
Sigma_Mo_C7:	12.3246487101
Mean_Ag_C7:	105.932831552
Sigma_Ag_C7:	6.58407051387
