Mean_Mo_C5:	70.0665221512
Sigma_Mo_C5:	9.22085433188
Mean_Cu_C5:	19.0664951936
Sigma_Cu_C5:	8.72707358618
