Mean_Mo_C1:	76.9466664117
Sigma_Mo_C1:	10.1236182491
Mean_Cu_C1:	25.0162512173
Sigma_Cu_C1:	8.61225408617
