Mean_Mo_C11:	76.2099630923
Sigma_Mo_C11:	9.59289980867
Mean_Sn_C11:	121.791021475
Sigma_Sn_C11:	11.3362375036
