Mean_Mo_C10:	76.8497808526
Sigma_Mo_C10:	9.49759456854
Mean_In_C10:	116.049515157
Sigma_In_C10:	11.6134987193
