Mean_Mo_C3:	68.1882484937
Sigma_Mo_C3:	8.63254022187
Mean_Cu_C3:	17.8405102089
Sigma_Cu_C3:	8.28727854765
