Mean_Mo_C1:	75.5875486619
Sigma_Mo_C1:	10.7810856596
Mean_In_C1:	115.780297502
Sigma_In_C1:	9.98431977117
