Mean_Mo_C0:	77.9840617927
Sigma_Mo_C0:	10.282167433
Mean_Ag_C0:	107.640914827
Sigma_Ag_C0:	5.88605997844
