Mean_Mo_C0:	76.526593009
Sigma_Mo_C0:	10.4817427763
Mean_In_C0:	117.327754069
Sigma_In_C0:	9.97601263025
