Mean_Mo_C3:	65.5181743634
Sigma_Mo_C3:	9.95703448479
Mean_Sn_C3:	109.123257438
Sigma_Sn_C3:	11.4585891552
