Mean_Mo_C8:	77.3104136583
Sigma_Mo_C8:	9.66300625106
Mean_Sn_C8:	121.233366469
Sigma_Sn_C8:	12.5367760312
