Mean_Mo_C6:	74.2767007463
Sigma_Mo_C6:	9.85962643256
Mean_In_C6:	114.053261865
Sigma_In_C6:	13.523748179
