Mean_Mo_C4:	68.8115119393
Sigma_Mo_C4:	10.9728704923
Mean_Ag_C4:	99.6291691759
Sigma_Ag_C4:	6.89106601904
