Mean_Mo_C7:	74.2338831127
Sigma_Mo_C7:	10.6522937101
Mean_Sn_C7:	120.707902544
Sigma_Sn_C7:	13.3238056644
