Mean_Mo_C9:	79.801092271
Sigma_Mo_C9:	9.26346600294
Mean_Cu_C9:	28.9840165991
Sigma_Cu_C9:	8.75377992145
