Mean_Mo_C3:	65.9727434183
Sigma_Mo_C3:	10.4183624768
Mean_In_C3:	104.61886568
Sigma_In_C3:	9.51050928186
