Mean_Mo_C12:	79.4984154549
Sigma_Mo_C12:	10.9256005884
Mean_Ag_C12:	109.924568426
Sigma_Ag_C12:	6.27745306487
