Mean_Mo_C15:	83.2972084684
Sigma_Mo_C15:	13.102203929
Mean_Ag_C15:	113.002524304
Sigma_Ag_C15:	6.81429386233
