Mean_Mo_C5:	68.155951609
Sigma_Mo_C5:	9.66698429353
Mean_Sn_C5:	113.226784274
Sigma_Sn_C5:	11.3828462221
