Mean_Mo_C14:	82.97084739
Sigma_Mo_C14:	13.7663255806
Mean_In_C14:	124.266288525
Sigma_In_C14:	8.32292258649
