Mean_Mo_C2:	76.1381810443
Sigma_Mo_C2:	10.4626861602
Mean_Sn_C2:	122.376361456
Sigma_Sn_C2:	12.3922072933
