Mean_Mo_C12:	81.044044457
Sigma_Mo_C12:	8.93018893822
Mean_Cu_C12:	25.3313076338
Sigma_Cu_C12:	8.60943939039
