Mean_Mo_C9:	78.3346480069
Sigma_Mo_C9:	9.30222830379
Mean_In_C9:	117.261440049
Sigma_In_C9:	11.5821439283
