Mean_Mo_C11:	75.9298790444
Sigma_Mo_C11:	10.2552267582
Mean_Ag_C11:	106.423406163
Sigma_Ag_C11:	6.55993312919
