Mean_Mo_C0:	77.1959278153
Sigma_Mo_C0:	10.6898084486
Mean_Sn_C0:	123.05548455
Sigma_Sn_C0:	10.299186667
