Mean_Mo_C13:	78.0584455298
Sigma_Mo_C13:	10.1271164103
Mean_In_C13:	119.269348259
Sigma_In_C13:	11.2646781854
