Mean_Mo_C13:	78.6826708694
Sigma_Mo_C13:	10.8993629509
Mean_Ag_C13:	109.261264857
Sigma_Ag_C13:	6.99991658176
