Mean_Mo_C13:	79.7611626578
Sigma_Mo_C13:	10.3088378102
Mean_Cu_C13:	27.0374444952
Sigma_Cu_C13:	8.52146729585
