Mean_Mo_C15:	84.0073488883
Sigma_Mo_C15:	10.1293950866
Mean_Cu_C15:	31.0533242442
Sigma_Cu_C15:	8.33413344808
