Mean_Mo_C10:	79.3987443539
Sigma_Mo_C10:	9.49264106292
Mean_Cu_C10:	27.2387421622
Sigma_Cu_C10:	9.51820475975
