Mean_Mo_C3:	66.3867796208
Sigma_Mo_C3:	10.1802921623
Mean_Ag_C3:	96.0407813436
Sigma_Ag_C3:	6.84480099669
