Mean_Mo_C15:	81.3959550806
Sigma_Mo_C15:	10.1465426259
Mean_In_C15:	123.609091964
Sigma_In_C15:	9.83165034004
