Mean_Mo_C9:	78.4743800795
Sigma_Mo_C9:	9.80836994322
Mean_Sn_C9:	123.433323254
Sigma_Sn_C9:	11.0898369004
