Mean_Mo_C14:	81.4189223435
Sigma_Mo_C14:	10.4844789308
Mean_Sn_C14:	130.352291752
Sigma_Sn_C14:	9.57189953605
