Mean_Mo_C10:	77.9319447404
Sigma_Mo_C10:	10.2368089683
Mean_Ag_C10:	108.960459114
Sigma_Ag_C10:	6.14844284184
