Mean_Mo_C9:	79.2801268465
Sigma_Mo_C9:	10.2266442263
Mean_Ag_C9:	109.608724175
Sigma_Ag_C9:	6.7957367119
