Mean_Mo_C8:	77.2336552069
Sigma_Mo_C8:	10.2051020729
Mean_Ag_C8:	109.099002544
Sigma_Ag_C8:	7.21639971309
