Mean_Mo_C8:	78.8243391601
Sigma_Mo_C8:	9.25209497132
Mean_Cu_C8:	26.0586393694
Sigma_Cu_C8:	8.72741520461
