Mean_Mo_C6:	75.4111704297
Sigma_Mo_C6:	9.57361624293
Mean_Cu_C6:	23.3034005976
Sigma_Cu_C6:	9.40132108165
