Mean_Mo_C4:	67.7758005579
Sigma_Mo_C4:	10.6860644969
Mean_Sn_C4:	114.613814084
Sigma_Sn_C4:	12.2026414269
