Mean_Mo_C11:	77.8234538552
Sigma_Mo_C11:	9.09254660609
Mean_Cu_C11:	25.3326990291
Sigma_Cu_C11:	9.03681901325
