Mean_Mo_C4:	67.6929871894
Sigma_Mo_C4:	10.2595418926
Mean_In_C4:	108.024518369
Sigma_In_C4:	11.3231474631
