Mean_Mo_C12:	79.4002105043
Sigma_Mo_C12:	9.69603897867
Mean_In_C12:	120.431838797
Sigma_In_C12:	10.1874034612
