Mean_Mo_C2:	77.1381453026
Sigma_Mo_C2:	10.7259605898
Mean_Ag_C2:	107.832514172
Sigma_Ag_C2:	7.36701178964
