Mean_Mo_C2:	78.2792786699
Sigma_Mo_C2:	10.4308085873
Mean_Cu_C2:	25.2182095922
Sigma_Cu_C2:	9.51615962334
