Mean_Mo_C6:	74.5175130032
Sigma_Mo_C6:	10.197368016
Mean_Sn_C6:	119.17188844
Sigma_Sn_C6:	13.7038910159
