Mean_Mo_C10:	77.3067562141
Sigma_Mo_C10:	9.72673957808
Mean_Sn_C10:	121.783375268
Sigma_Sn_C10:	12.5406807161
