Mean_Mo_C13:	78.5453698085
Sigma_Mo_C13:	10.2798878416
Mean_Sn_C13:	124.702822163
Sigma_Sn_C13:	11.3049192011
