Mean_Mo_C1:	73.7005888766
Sigma_Mo_C1:	11.1532762682
Mean_Sn_C1:	120.654436538
Sigma_Sn_C1:	11.8276867571
