Mean_Mo_C14:	83.355509864
Sigma_Mo_C14:	10.1537394788
Mean_Cu_C14:	30.1062600522
Sigma_Cu_C14:	8.50679606106
