Mean_Mo_C11:	75.0045516317
Sigma_Mo_C11:	9.76242804927
Mean_In_C11:	114.651399208
Sigma_In_C11:	10.9465234423
