Mean_Mo_C1:	75.8349569496
Sigma_Mo_C1:	13.1911520567
Mean_Ag_C1:	106.219990562
Sigma_Ag_C1:	6.51103913126
