Mean_Mo_C2:	76.6187960046
Sigma_Mo_C2:	10.3658648148
Mean_In_C2:	116.5540597
Sigma_In_C2:	10.7743595737
