Mean_Mo_C8:	77.0302181526
Sigma_Mo_C8:	9.61875426335
Mean_In_C8:	116.477001306
Sigma_In_C8:	12.7905305791
