Mean_Mo_C14:	84.0054103011
Sigma_Mo_C14:	13.4097150953
Mean_Ag_C14:	115.123488105
Sigma_Ag_C14:	7.57224049989
