Mean_Mo_C7:	73.1475153152
Sigma_Mo_C7:	10.6304957174
Mean_In_C7:	113.827140503
Sigma_In_C7:	13.0898925499
