Mean_Mo_C7:	75.8268594318
Sigma_Mo_C7:	9.29472252585
Mean_Cu_C7:	21.2749512515
Sigma_Cu_C7:	9.65125098014
