Mean_Mo_C15:	72.4630877824
Sigma_Mo_C15:	22.4198915361
Mean_Sn_C15:	125.936570435
Sigma_Sn_C15:	12.3018389773
