Mean_Mo_C1:	87.1690555579
Sigma_Mo_C1:	17.4735867254
Mean_Cu_C1:	44.12837381
Sigma_Cu_C1:	9.72984453344
