Mean_Mo_C5:	82.1752231722
Sigma_Mo_C5:	19.0318677873
Mean_In_C5:	127.894814775
Sigma_In_C5:	7.31727292918
