Mean_Mo_C15:	44.4659932797
Sigma_Mo_C15:	80.7782999002
Mean_Ag_C15:	0.0
Sigma_Ag_C15:	0.0
