Mean_Mo_C2:	172.629931323
Sigma_Mo_C2:	17.7745670031
Mean_Sn_C2:	221.567742788
Sigma_Sn_C2:	10.0274563574
