Mean_Mo_C6:	83.2163375338
Sigma_Mo_C6:	18.9809557205
Mean_Ag_C6:	120.106806453
Sigma_Ag_C6:	6.46599763934
