Mean_Mo_C4:	81.1522729576
Sigma_Mo_C4:	17.0425942522
Mean_Ag_C4:	116.362088352
Sigma_Ag_C4:	6.55083450221
