Mean_Mo_C9:	85.961531898
Sigma_Mo_C9:	26.878857118
Mean_Sn_C9:	144.080268008
Sigma_Sn_C9:	6.85269576282
