Mean_Mo_C11:	87.653017806
Sigma_Mo_C11:	16.3850472821
Mean_In_C11:	132.575457795
Sigma_In_C11:	11.1246689491
