Mean_Mo_C13:	98.5356078857
Sigma_Mo_C13:	16.4257054835
Mean_Sn_C13:	148.747847686
Sigma_Sn_C13:	10.366100672
