Mean_Mo_C3:	84.0511422838
Sigma_Mo_C3:	22.9004479979
Mean_In_C3:	134.346023598
Sigma_In_C3:	6.54393020503
