Mean_Mo_C0:	25.2185259158
Sigma_Mo_C0:	87.6915153688
Mean_Ag_C0:	0.0
Sigma_Ag_C0:	0.0
