Mean_Mo_C7:	84.7291447803
Sigma_Mo_C7:	18.9908928773
Mean_Cu_C7:	44.5215139043
Sigma_Cu_C7:	11.6965314175
