Mean_Mo_C5:	81.5696038527
Sigma_Mo_C5:	13.142084227
Mean_Cu_C5:	41.9406977128
Sigma_Cu_C5:	9.03505773563
