Mean_Mo_C3:	88.3052433266
Sigma_Mo_C3:	12.5049155275
Mean_Cu_C3:	42.3965213318
Sigma_Cu_C3:	9.18229902758
