Mean_Mo_C14:	91.2059257969
Sigma_Mo_C14:	14.3480255958
Mean_Cu_C14:	41.5449842611
Sigma_Cu_C14:	9.70408721615
