Mean_Mo_C12:	90.5217460411
Sigma_Mo_C12:	27.3861766901
Mean_Sn_C12:	146.704603955
Sigma_Sn_C12:	6.12023969849
