Mean_Mo_C0:	62.3794673559
Sigma_Mo_C0:	35.4289407801
Mean_Sn_C0:	0.0
Sigma_Sn_C0:	0.0
