Mean_Mo_C6:	85.8864274188
Sigma_Mo_C6:	22.2779038232
Mean_In_C6:	133.357452821
Sigma_In_C6:	6.74488958364
