Mean_Mo_C13:	92.2857424839
Sigma_Mo_C13:	22.603222505
Mean_Ag_C13:	132.68303857
Sigma_Ag_C13:	6.45451961465
