Mean_Mo_C13:	97.0753425284
Sigma_Mo_C13:	14.4494012288
Mean_Cu_C13:	45.8443983982
Sigma_Cu_C13:	10.9780833102
