Mean_Mo_C1:	84.3806073456
Sigma_Mo_C1:	29.2764349464
Mean_Ag_C1:	120.295914465
Sigma_Ag_C1:	4.02888874166
