Mean_Mo_C11:	85.8061582248
Sigma_Mo_C11:	21.6217430032
Mean_Sn_C11:	140.924844987
Sigma_Sn_C11:	8.34306703282
