Mean_Mo_C9:	85.9108245342
Sigma_Mo_C9:	20.2478160523
Mean_Ag_C9:	124.035228383
Sigma_Ag_C9:	7.23609394985
