Mean_Mo_C4:	83.4135476796
Sigma_Mo_C4:	17.5266529021
Mean_In_C4:	127.985194992
Sigma_In_C4:	8.75049551084
