Mean_Mo_C5:	80.2360398887
Sigma_Mo_C5:	15.6149832675
Mean_Ag_C5:	113.681985872
Sigma_Ag_C5:	7.33335926635
