Mean_Mo_C1:	91.8028356121
Sigma_Mo_C1:	18.1744724003
Mean_In_C1:	140.128077691
Sigma_In_C1:	7.53989019804
