Mean_Mo_C3:	85.1788251842
Sigma_Mo_C3:	16.6788131352
Mean_Ag_C3:	121.195048393
Sigma_Ag_C3:	8.00973772501
