Mean_Mo_C5:	81.4856659114
Sigma_Mo_C5:	17.336814352
Mean_Sn_C5:	128.531713828
Sigma_Sn_C5:	8.5243725392
