Mean_Mo_C7:	71.5549606069
Sigma_Mo_C7:	54.0288688875
Mean_Sn_C7:	0.0
Sigma_Sn_C7:	0.0
