Mean_Mo_C3:	84.0786109489
Sigma_Mo_C3:	31.7803433849
Mean_Sn_C3:	0.0
Sigma_Sn_C3:	0.0
