Mean_Mo_C14:	91.6346858006
Sigma_Mo_C14:	25.5452581547
Mean_In_C14:	139.851498143
Sigma_In_C14:	6.38181683345
