Mean_Mo_C1:	72.848988381
Sigma_Mo_C1:	86.6201890291
Mean_Sn_C1:	0.0
Sigma_Sn_C1:	0.0
