Mean_Mo_C6:	88.6545959783
Sigma_Mo_C6:	12.5558867576
Mean_Cu_C6:	43.928909545
Sigma_Cu_C6:	9.21347800275
