Mean_Mo_C12:	93.3204867434
Sigma_Mo_C12:	12.6385399701
Mean_Cu_C12:	43.8709810506
Sigma_Cu_C12:	10.1419626245
