Mean_Mo_C7:	79.3029457215
Sigma_Mo_C7:	33.2082369715
Mean_In_C7:	0.0
Sigma_In_C7:	0.0
