Mean_Mo_C8:	81.1730221697
Sigma_Mo_C8:	17.0898304402
Mean_Cu_C8:	43.2258534595
Sigma_Cu_C8:	9.9859877999
