Mean_Mo_C8:	60.910480218
Sigma_Mo_C8:	86.5644388431
Mean_In_C8:	0.0
Sigma_In_C8:	0.0
