Mean_Mo_C15:	78.7968572483
Sigma_Mo_C15:	26.1293312569
Mean_In_C15:	128.034606032
Sigma_In_C15:	6.2568263255
