Mean_Mo_C8:	58.4582024993
Sigma_Mo_C8:	86.1146357936
Mean_Ag_C8:	0.0
Sigma_Ag_C8:	0.0
