Mean_Mo_C14:	91.3877810305
Sigma_Mo_C14:	16.3615419271
Mean_Sn_C14:	138.191705112
Sigma_Sn_C14:	11.9040845301
