Mean_Mo_C9:	89.6477152559
Sigma_Mo_C9:	18.4100123713
Mean_In_C9:	135.78586219
Sigma_In_C9:	8.12253571805
