Mean_Mo_C9:	90.5559040914
Sigma_Mo_C9:	14.8453074824
Mean_Cu_C9:	44.0373655746
Sigma_Cu_C9:	10.1357624273
