Mean_Mo_C0:	71.6373846367
Sigma_Mo_C0:	14.5588711888
Mean_Cu_C0:	38.3800507306
Sigma_Cu_C0:	10.3224422723
