Mean_Mo_C12:	93.4186315709
Sigma_Mo_C12:	15.8859011837
Mean_In_C12:	140.358711573
Sigma_In_C12:	8.773886201
