Mean_Mo_C2:	173.524678035
Sigma_Mo_C2:	15.5649662898
Mean_In_C2:	216.467827307
Sigma_In_C2:	8.91756334771
