Mean_Mo_C10:	89.1027330336
Sigma_Mo_C10:	19.6601026983
Mean_Sn_C10:	142.82837115
Sigma_Sn_C10:	10.6546435733
