Mean_Mo_C7:	85.0449733998
Sigma_Mo_C7:	19.623389313
Mean_Ag_C7:	121.757312691
Sigma_Ag_C7:	6.43486772538
