Mean_Mo_C14:	87.995153897
Sigma_Mo_C14:	23.512596544
Mean_Ag_C14:	122.237998306
Sigma_Ag_C14:	6.20886008045
