Mean_Mo_C15:	75.6319879471
Sigma_Mo_C15:	18.529090275
Mean_Cu_C15:	34.7765540489
Sigma_Cu_C15:	11.3469700028
