Mean_Mo_C8:	72.2731351642
Sigma_Mo_C8:	44.3137478682
Mean_Sn_C8:	0.0
Sigma_Sn_C8:	0.0
