Mean_Mo_C4:	84.6586372722
Sigma_Mo_C4:	12.7466005354
Mean_Cu_C4:	40.475526305
Sigma_Cu_C4:	9.83546525376
