Mean_Mo_C4:	83.8692568475
Sigma_Mo_C4:	15.5906219354
Mean_Sn_C4:	130.743565838
Sigma_Sn_C4:	11.9199338674
