Mean_Mo_C0:	72.4447397582
Sigma_Mo_C0:	17.9013823643
Mean_In_C0:	115.448870894
Sigma_In_C0:	9.02938874272
