Mean_Mo_C6:	84.1856737805
Sigma_Mo_C6:	20.1263754112
Mean_Sn_C6:	135.836887647
Sigma_Sn_C6:	9.24677403437
