Mean_Mo_C13:	98.3585505922
Sigma_Mo_C13:	15.271175471
Mean_In_C13:	143.199388199
Sigma_In_C13:	11.5080501731
