Mean_Mo_C10:	93.1526498359
Sigma_Mo_C10:	14.538299711
Mean_In_C10:	135.073387794
Sigma_In_C10:	11.5448436466
