Mean_Mo_C11:	86.9247617299
Sigma_Mo_C11:	14.1725260504
Mean_Cu_C11:	43.820072699
Sigma_Cu_C11:	9.70598691595
