Mean_Mo_C2:	172.44385743
Sigma_Mo_C2:	15.7485988919
Mean_Ag_C2:	131.020042495
Sigma_Ag_C2:	11.3825250292
