Mean_Mo_C11:	84.5894557406
Sigma_Mo_C11:	16.8684776663
Mean_Ag_C11:	122.011960314
Sigma_Ag_C11:	7.34090189534
