Mean_Mo_C10:	88.4354934553
Sigma_Mo_C10:	20.811431351
Mean_Ag_C10:	125.500411918
Sigma_Ag_C10:	6.50347570177
