Mean_Mo_C2:	174.332116712
Sigma_Mo_C2:	12.3132553384
Mean_Cu_C2:	134.069794882
Sigma_Cu_C2:	10.138042167
