Mean_Mo_C12:	90.5006178486
Sigma_Mo_C12:	16.9081313952
Mean_Ag_C12:	126.184298938
Sigma_Ag_C12:	8.07145804855
