Mean_Mo_C10:	91.4622832432
Sigma_Mo_C10:	12.8756691984
Mean_Cu_C10:	43.8527292691
Sigma_Cu_C10:	10.1664726262
