Mean_Mo_C7:	100.710194434
Sigma_Mo_C7:	10.9730520276
Mean_Cu_C7:	49.3742674483
Sigma_Cu_C7:	8.52490391265
