Mean_Mo_C9:	96.1972241383
Sigma_Mo_C9:	11.3941539039
Mean_In_C9:	138.617295287
Sigma_In_C9:	10.3017998146
