Mean_Mo_C7:	91.6295765293
Sigma_Mo_C7:	12.7629419918
Mean_Sn_C7:	139.497961152
Sigma_Sn_C7:	11.6840377563
