Mean_Mo_C1:	96.7186566394
Sigma_Mo_C1:	10.9409769852
Mean_Sn_C1:	144.309921019
Sigma_Sn_C1:	11.0262646797
