Mean_Mo_C8:	104.379627627
Sigma_Mo_C8:	12.8234489466
Mean_Sn_C8:	155.63079944
Sigma_Sn_C8:	13.5281862959
