Mean_Mo_C5:	113.330709782
Sigma_Mo_C5:	11.4891918646
Mean_Ag_C5:	147.860829365
Sigma_Ag_C5:	7.29702723617
