Mean_Mo_C12:	102.335977077
Sigma_Mo_C12:	10.5370647544
Mean_In_C12:	145.036127988
Sigma_In_C12:	11.4883162296
