Mean_Mo_C11:	91.4229420981
Sigma_Mo_C11:	10.7989557635
Mean_Sn_C11:	137.394983933
Sigma_Sn_C11:	13.0147194012
