Mean_Mo_C10:	93.3343997759
Sigma_Mo_C10:	10.1647611799
Mean_In_C10:	133.555996434
Sigma_In_C10:	11.1263788238
