Mean_Mo_C14:	95.6278842011
Sigma_Mo_C14:	12.556049098
Mean_In_C14:	137.103516789
Sigma_In_C14:	9.53599110668
