Mean_Mo_C14:	94.3125838539
Sigma_Mo_C14:	12.0448151309
Mean_Sn_C14:	141.633663141
Sigma_Sn_C14:	11.5716071736
