Mean_Mo_C4:	105.532282756
Sigma_Mo_C4:	9.98424898191
Mean_In_C4:	148.210329586
Sigma_In_C4:	11.6359989534
