Mean_Mo_C13:	96.4054022932
Sigma_Mo_C13:	9.71805705025
Mean_In_C13:	137.237373981
Sigma_In_C13:	10.7651021227
