Mean_Mo_C13:	94.9530946197
Sigma_Mo_C13:	9.12523295177
Mean_Sn_C13:	140.205412441
Sigma_Sn_C13:	12.7966248481
