Mean_Mo_C6:	113.857883179
Sigma_Mo_C6:	12.4715276487
Mean_Ag_C6:	148.372526566
Sigma_Ag_C6:	8.09051117705
