Mean_Mo_C1:	98.4438729392
Sigma_Mo_C1:	10.9345018466
Mean_In_C1:	141.31819935
Sigma_In_C1:	10.1799005666
