Mean_Mo_C0:	97.9796567396
Sigma_Mo_C0:	10.1105515428
Mean_Cu_C0:	47.8216572295
Sigma_Cu_C0:	7.64318484507
