Mean_Mo_C9:	102.096191876
Sigma_Mo_C9:	10.7706493222
Mean_Cu_C9:	51.1332525501
Sigma_Cu_C9:	8.20383310879
