Mean_Mo_C7:	93.8606776166
Sigma_Mo_C7:	10.3127631458
Mean_In_C7:	136.102560275
Sigma_In_C7:	11.5058868225
