Mean_Mo_C4:	102.624138684
Sigma_Mo_C4:	9.52939969025
Mean_Sn_C4:	153.410936478
Sigma_Sn_C4:	11.7866354048
