Mean_Mo_C11:	102.614515145
Sigma_Mo_C11:	9.66817119128
Mean_Ag_C11:	132.830194635
Sigma_Ag_C11:	6.43974323971
