Mean_Mo_C2:	104.958945772
Sigma_Mo_C2:	10.3199336243
Mean_Ag_C2:	136.057151422
Sigma_Ag_C2:	6.28435789737
