Mean_Mo_C1:	104.591826592
Sigma_Mo_C1:	10.3166609845
Mean_Ag_C1:	135.918590591
Sigma_Ag_C1:	6.95324402992
