Mean_Mo_C15:	103.438094303
Sigma_Mo_C15:	9.46160492143
Mean_Cu_C15:	49.2872710138
Sigma_Cu_C15:	8.27638149482
