Mean_Mo_C3:	117.561982506
Sigma_Mo_C3:	10.0496694275
Mean_Cu_C3:	56.4038979064
Sigma_Cu_C3:	8.86700250388
