Mean_Mo_C14:	102.01277784
Sigma_Mo_C14:	10.1525491552
Mean_Cu_C14:	49.671207717
Sigma_Cu_C14:	8.178856157
