Mean_Mo_C10:	100.158799097
Sigma_Mo_C10:	9.39374440799
Mean_Cu_C10:	48.6799706768
Sigma_Cu_C10:	7.52726171647
