Mean_Mo_C9:	104.267682456
Sigma_Mo_C9:	13.3764669546
Mean_Ag_C9:	137.042798014
Sigma_Ag_C9:	6.85175959939
