Mean_Mo_C5:	111.341664539
Sigma_Mo_C5:	10.1328102709
Mean_Cu_C5:	53.5997178013
Sigma_Cu_C5:	8.71428986656
