Mean_Mo_C12:	108.953055513
Sigma_Mo_C12:	9.7365355076
Mean_Cu_C12:	52.927632717
Sigma_Cu_C12:	8.31953660779
