Mean_Mo_C13:	103.214759358
Sigma_Mo_C13:	9.64163892455
Mean_Ag_C13:	133.270520315
Sigma_Ag_C13:	6.47254137303
