Mean_Mo_C10:	90.7041975534
Sigma_Mo_C10:	10.3352827504
Mean_Sn_C10:	136.152595626
Sigma_Sn_C10:	11.9664208323
