Mean_Mo_C2:	94.5493888828
Sigma_Mo_C2:	11.163673863
Mean_Sn_C2:	141.520710341
Sigma_Sn_C2:	11.706381737
