Mean_Mo_C0:	92.6668046576
Sigma_Mo_C0:	10.1187395332
Mean_In_C0:	133.242624898
Sigma_In_C0:	11.2087778466
