Mean_Mo_C11:	95.4141892351
Sigma_Mo_C11:	9.87062711796
Mean_In_C11:	134.901806343
Sigma_In_C11:	10.8864837975
