Mean_Mo_C7:	103.279214447
Sigma_Mo_C7:	11.4305282644
Mean_Ag_C7:	134.4071207
Sigma_Ag_C7:	6.7638931449
