Mean_Mo_C15:	97.4278194735
Sigma_Mo_C15:	11.2368865517
Mean_In_C15:	138.942533248
Sigma_In_C15:	10.8583536721
