Mean_Mo_C2:	97.4078903212
Sigma_Mo_C2:	10.6032691987
Mean_In_C2:	138.554772995
Sigma_In_C2:	11.1884601811
