Mean_Mo_C11:	101.569580093
Sigma_Mo_C11:	9.3246053859
Mean_Cu_C11:	51.0065203872
Sigma_Cu_C11:	7.57128705134
