Mean_Mo_C0:	100.57190217
Sigma_Mo_C0:	10.8058243523
Mean_Ag_C0:	131.133519663
Sigma_Ag_C0:	6.26972344972
