Mean_Mo_C8:	105.713164154
Sigma_Mo_C8:	15.0968066015
Mean_In_C8:	153.303272742
Sigma_In_C8:	10.8056741579
