Mean_Mo_C9:	94.5094241757
Sigma_Mo_C9:	11.2934595337
Mean_Sn_C9:	140.655481338
Sigma_Sn_C9:	12.8442992338
