Mean_Mo_C6:	105.597363624
Sigma_Mo_C6:	12.0875888149
Mean_In_C6:	148.727245026
Sigma_In_C6:	10.4779558395
