Mean_Mo_C0:	90.3644672658
Sigma_Mo_C0:	10.4524376204
Mean_Sn_C0:	136.804828844
Sigma_Sn_C0:	11.1745997485
