Mean_Mo_C15:	96.1116253598
Sigma_Mo_C15:	10.5189361341
Mean_Sn_C15:	142.191144705
Sigma_Sn_C15:	10.834840236
