Mean_Mo_C6:	111.899404613
Sigma_Mo_C6:	10.9971128508
Mean_Cu_C6:	55.1008654959
Sigma_Cu_C6:	8.55545824519
