Mean_Mo_C8:	112.403929004
Sigma_Mo_C8:	15.1848426391
Mean_Ag_C8:	150.338971289
Sigma_Ag_C8:	7.14167424282
