Mean_Mo_C3:	120.738715083
Sigma_Mo_C3:	11.0807669403
Mean_Ag_C3:	153.93365681
Sigma_Ag_C3:	8.14307774734
