Mean_Mo_C10:	100.966724888
Sigma_Mo_C10:	10.0547786677
Mean_Ag_C10:	131.952330507
Sigma_Ag_C10:	6.91250022668
