Mean_Mo_C4:	111.450899789
Sigma_Mo_C4:	9.74542699882
Mean_Cu_C4:	54.8299074537
Sigma_Cu_C4:	8.46867063415
