Mean_Mo_C5:	103.508823748
Sigma_Mo_C5:	10.1977865177
Mean_In_C5:	147.952337789
Sigma_In_C5:	11.651744663
