Mean_Mo_C2:	103.583846064
Sigma_Mo_C2:	10.0741188639
Mean_Cu_C2:	50.6088584141
Sigma_Cu_C2:	7.91737955966
