Mean_Mo_C5:	100.388912255
Sigma_Mo_C5:	9.72244828047
Mean_Sn_C5:	151.520226034
Sigma_Sn_C5:	11.2990521239
