Mean_Mo_C8:	111.457039473
Sigma_Mo_C8:	11.583714263
Mean_Cu_C8:	55.7623484037
Sigma_Cu_C8:	9.45464820475
