Mean_Mo_C15:	103.154776132
Sigma_Mo_C15:	11.6953484678
Mean_Ag_C15:	134.658789229
Sigma_Ag_C15:	7.82915699449
