Mean_Mo_C1:	103.245377371
Sigma_Mo_C1:	11.2848701791
Mean_Cu_C1:	48.9594160846
Sigma_Cu_C1:	8.17209763629
