Mean_Mo_C13:	102.207600193
Sigma_Mo_C13:	8.70671987074
Mean_Cu_C13:	50.9299514873
Sigma_Cu_C13:	7.60457691499
