Mean_Mo_C3:	107.608790437
Sigma_Mo_C3:	10.4443310098
Mean_Sn_C3:	160.80384301
Sigma_Sn_C3:	13.3987081752
