Mean_Mo_C4:	113.71362238
Sigma_Mo_C4:	10.0506059235
Mean_Ag_C4:	146.112652892
Sigma_Ag_C4:	8.03738228707
