Mean_Mo_C3:	110.803173193
Sigma_Mo_C3:	10.7084219961
Mean_In_C3:	155.970447849
Sigma_In_C3:	13.5649220637
