Mean_Mo_C12:	100.44885535
Sigma_Mo_C12:	10.5296247406
Mean_Sn_C12:	148.816655327
Sigma_Sn_C12:	10.9546987596
