Mean_Mo_C14:	102.318770046
Sigma_Mo_C14:	12.0380487662
Mean_Ag_C14:	133.077651841
Sigma_Ag_C14:	7.12562005516
