Mean_Mo_C6:	103.281587279
Sigma_Mo_C6:	11.4502844076
Mean_Sn_C6:	153.753579169
Sigma_Sn_C6:	11.6708561845
