Mean_Mo_C12:	111.172923737
Sigma_Mo_C12:	10.2334915958
Mean_Ag_C12:	142.725683496
Sigma_Ag_C12:	7.096436278
