Mean_Mo_C0:	85.8751727099
Sigma_Mo_C0:	10.8163656263
Mean_In_C0:	125.945532523
Sigma_In_C0:	9.73819478648
