Mean_Mo_C3:	101.40740864
Sigma_Mo_C3:	11.0802118917
Mean_Sn_C3:	153.560535042
Sigma_Sn_C3:	12.1849757702
