Mean_Mo_C2:	86.0787698187
Sigma_Mo_C2:	9.43511128903
Mean_Cu_C2:	36.491884208
Sigma_Cu_C2:	8.85440875068
