Mean_Mo_C11:	92.7092435716
Sigma_Mo_C11:	10.9001352095
Mean_Sn_C11:	140.552774641
Sigma_Sn_C11:	10.5444125883
