Mean_Mo_C11:	92.4495490146
Sigma_Mo_C11:	10.6793650871
Mean_In_C11:	134.728746366
Sigma_In_C11:	11.1233237566
