Mean_Mo_C3:	102.117378599
Sigma_Mo_C3:	10.0357328474
Mean_Cu_C3:	41.0982696111
Sigma_Cu_C3:	9.03536230772
