Mean_Mo_C15:	106.183710143
Sigma_Mo_C15:	11.4387254877
Mean_Sn_C15:	159.065406655
Sigma_Sn_C15:	12.7595919779
