Mean_Mo_C15:	104.432978996
Sigma_Mo_C15:	10.0492293444
Mean_Cu_C15:	44.6354256911
Sigma_Cu_C15:	9.48321240223
