Mean_Mo_C7:	83.494359973
Sigma_Mo_C7:	12.0358953499
Mean_Ag_C7:	116.891001025
Sigma_Ag_C7:	6.84479660546
