Mean_Mo_C6:	78.5931054925
Sigma_Mo_C6:	10.6779803989
Mean_Ag_C6:	107.724166123
Sigma_Ag_C6:	6.0742854828
