Mean_Mo_C11:	91.8685139581
Sigma_Mo_C11:	10.8398471811
Mean_Cu_C11:	38.3993371532
Sigma_Cu_C11:	8.96910154114
