Mean_Mo_C1:	88.4986102653
Sigma_Mo_C1:	12.2002333826
Mean_Cu_C1:	39.0474635217
Sigma_Cu_C1:	8.5548541189
