Mean_Mo_C8:	88.3793452931
Sigma_Mo_C8:	14.8723918157
Mean_In_C8:	134.040788309
Sigma_In_C8:	10.8436957676
