Mean_Mo_C10:	93.9140628028
Sigma_Mo_C10:	11.6689103396
Mean_Ag_C10:	126.935203032
Sigma_Ag_C10:	7.62698483089
