Mean_Mo_C15:	106.006585761
Sigma_Mo_C15:	11.0780242269
Mean_Ag_C15:	141.6872134
Sigma_Ag_C15:	6.90949977056
