Mean_Mo_C2:	85.2904600327
Sigma_Mo_C2:	10.3266571992
Mean_Sn_C2:	129.655331651
Sigma_Sn_C2:	11.1511922947
