Mean_Mo_C13:	94.5429608508
Sigma_Mo_C13:	9.94889335521
Mean_Sn_C13:	141.538548532
Sigma_Sn_C13:	10.3069401527
