Mean_Mo_C6:	78.5225717273
Sigma_Mo_C6:	9.68192376658
Mean_Cu_C6:	32.6310266659
Sigma_Cu_C6:	8.86829155777
