Mean_Mo_C6:	78.9715763822
Sigma_Mo_C6:	9.6264792967
Mean_In_C6:	115.650912735
Sigma_In_C6:	10.2878337525
