Mean_Mo_C0:	86.3351153877
Sigma_Mo_C0:	11.6071088344
Mean_Ag_C0:	116.463365308
Sigma_Ag_C0:	7.08793336955
