Mean_Mo_C10:	93.8977161888
Sigma_Mo_C10:	9.63075752265
Mean_Cu_C10:	39.4927225659
Sigma_Cu_C10:	8.53903035811
