Mean_Mo_C7:	82.7308165628
Sigma_Mo_C7:	12.0654326034
Mean_Sn_C7:	129.240664448
Sigma_Sn_C7:	11.733921986
