Mean_Mo_C15:	105.535440745
Sigma_Mo_C15:	10.7240838243
Mean_In_C15:	152.52641057
Sigma_In_C15:	10.9857637339
