Mean_Mo_C5:	88.160517269
Sigma_Mo_C5:	11.2555148084
Mean_Ag_C5:	120.502854393
Sigma_Ag_C5:	7.72439183715
