Mean_Mo_C9:	83.1173263087
Sigma_Mo_C9:	11.1115997201
Mean_In_C9:	123.659673796
Sigma_In_C9:	11.6749013629
