Mean_Mo_C6:	77.4881835097
Sigma_Mo_C6:	11.554317242
Mean_Sn_C6:	120.728309227
Sigma_Sn_C6:	10.5898473271
