Mean_Mo_C13:	93.7347772477
Sigma_Mo_C13:	11.3964544134
Mean_Ag_C13:	125.499444681
Sigma_Ag_C13:	7.31414849584
