Mean_Mo_C4:	99.0063140966
Sigma_Mo_C4:	10.852793109
Mean_Sn_C4:	151.144911531
Sigma_Sn_C4:	11.2437740848
