Mean_Mo_C13:	94.5623495084
Sigma_Mo_C13:	10.6113018087
Mean_Cu_C13:	39.6514020936
Sigma_Cu_C13:	8.71727479499
