Mean_Mo_C12:	95.6198929934
Sigma_Mo_C12:	10.1441967922
Mean_Sn_C12:	144.492266503
Sigma_Sn_C12:	11.9201019199
