Mean_Mo_C10:	93.9933718338
Sigma_Mo_C10:	10.3565733162
Mean_Sn_C10:	140.708179349
Sigma_Sn_C10:	12.0613909464
