Mean_Mo_C3:	102.684876516
Sigma_Mo_C3:	10.8388061444
Mean_Ag_C3:	137.101154135
Sigma_Ag_C3:	8.62748529191
