Mean_Mo_C8:	91.1311863411
Sigma_Mo_C8:	14.1439422397
Mean_Ag_C8:	124.739233818
Sigma_Ag_C8:	7.35422451247
