Mean_Mo_C2:	86.0104990919
Sigma_Mo_C2:	10.1314046211
Mean_In_C2:	124.837264145
Sigma_In_C2:	9.90104323265
