Mean_Mo_C9:	84.188393539
Sigma_Mo_C9:	9.75958602329
Mean_Cu_C9:	34.184980335
Sigma_Cu_C9:	8.87315694859
