Mean_Mo_C8:	89.6044351421
Sigma_Mo_C8:	14.545473957
Mean_Sn_C8:	139.170721821
Sigma_Sn_C8:	11.7027802529
