Mean_Mo_C10:	93.1728153536
Sigma_Mo_C10:	10.6414213796
Mean_In_C10:	136.365374096
Sigma_In_C10:	11.0909395384
