Mean_Mo_C1:	89.2491490509
Sigma_Mo_C1:	11.7101884866
Mean_Sn_C1:	135.051693063
Sigma_Sn_C1:	11.0224443444
