Mean_Mo_C12:	95.0874642932
Sigma_Mo_C12:	9.91765960524
Mean_In_C12:	138.074604317
Sigma_In_C12:	11.7633356744
