Mean_Mo_C8:	88.8821580105
Sigma_Mo_C8:	14.2242201739
Mean_Cu_C8:	38.3691683374
Sigma_Cu_C8:	9.74691591256
