Mean_Mo_C7:	83.5977687015
Sigma_Mo_C7:	9.40839513563
Mean_Cu_C7:	34.8064335198
Sigma_Cu_C7:	9.13633611782
