Mean_Mo_C1:	88.051121006
Sigma_Mo_C1:	12.3263293714
Mean_In_C1:	130.531106119
Sigma_In_C1:	10.7526656542
