Mean_Mo_C3:	102.03598813
Sigma_Mo_C3:	11.3592949826
Mean_In_C3:	148.58748009
Sigma_In_C3:	11.1426982157
