Mean_Mo_C5:	86.8404475787
Sigma_Mo_C5:	10.5204602924
Mean_Sn_C5:	133.792812057
Sigma_Sn_C5:	13.1647744783
