Mean_Mo_C11:	93.3306357936
Sigma_Mo_C11:	12.2369696521
Mean_Ag_C11:	125.814221072
Sigma_Ag_C11:	7.06471505703
