Mean_Mo_C9:	83.9560844801
Sigma_Mo_C9:	11.5311032535
Mean_Ag_C9:	114.734250036
Sigma_Ag_C9:	6.74597039996
