Mean_Mo_C4:	99.1990751178
Sigma_Mo_C4:	11.1811229227
Mean_Cu_C4:	41.6198523276
Sigma_Cu_C4:	9.11658322578
