Mean_Mo_C5:	87.4050391173
Sigma_Mo_C5:	10.6427809704
Mean_Cu_C5:	35.2134595174
Sigma_Cu_C5:	9.57928811871
