Mean_Mo_C0:	85.5102310994
Sigma_Mo_C0:	10.0636326864
Mean_Cu_C0:	35.3458810477
Sigma_Cu_C0:	8.81389905824
