Mean_Mo_C1:	2.84539643503
Sigma_Mo_C1:	87.797075467
Mean_Ag_C1:	118.752330719
Sigma_Ag_C1:	3.92805172561
