Mean_Mo_C7:	83.5806141567
Sigma_Mo_C7:	11.0121900355
Mean_In_C7:	123.684999549
Sigma_In_C7:	11.3742195921
