Mean_Mo_C9:	82.969273458
Sigma_Mo_C9:	10.687907792
Mean_Sn_C9:	128.89515596
Sigma_Sn_C9:	11.8670973063
