Mean_Mo_C13:	94.7283559719
Sigma_Mo_C13:	10.4884814456
Mean_In_C13:	136.581121389
Sigma_In_C13:	10.2783465186
