Mean_Mo_C4:	99.274279209
Sigma_Mo_C4:	10.4541958434
Mean_In_C4:	144.905290443
Sigma_In_C4:	10.604643771
