Mean_Mo_C5:	87.6005474274
Sigma_Mo_C5:	11.4357189532
Mean_In_C5:	129.435482144
Sigma_In_C5:	10.5740214402
