Mean_Mo_C12:	95.2046716496
Sigma_Mo_C12:	9.27032925359
Mean_Cu_C12:	38.4417483289
Sigma_Cu_C12:	8.54613692811
