Mean_Mo_C12:	95.0275343533
Sigma_Mo_C12:	9.91866489949
Mean_Ag_C12:	127.323192411
Sigma_Ag_C12:	7.72984241797
