Mean_Mo_C4:	99.453392752
Sigma_Mo_C4:	10.9186814412
Mean_Ag_C4:	133.662283752
Sigma_Ag_C4:	8.41600704128
