Mean_Mo_C0:	84.7693982113
Sigma_Mo_C0:	10.5614893248
Mean_Sn_C0:	130.068737748
Sigma_Sn_C0:	14.0133554101
