Mean_Mo_C2:	87.1931499512
Sigma_Mo_C2:	10.6374148292
Mean_Ag_C2:	117.479914287
Sigma_Ag_C2:	6.2597899945
