Mean_Mo_C10:	94.6711961642
Sigma_Mo_C10:	10.1918067104
Mean_Cu_C10:	45.4711205787
Sigma_Cu_C10:	7.9034225709
