Mean_Mo_C5:	123.818489829
Sigma_Mo_C5:	10.7785410401
Mean_In_C5:	171.335097695
Sigma_In_C5:	11.9815580028
