Mean_Mo_C10:	99.0139110062
Sigma_Mo_C10:	9.57732792762
Mean_Cu_C10:	49.9387860417
Sigma_Cu_C10:	8.0884326933
