Mean_Mo_C12:	106.772470278
Sigma_Mo_C12:	10.3809249305
Mean_In_C12:	146.519920644
Sigma_In_C12:	11.1701292714
