Mean_Mo_C4:	111.662593584
Sigma_Mo_C4:	11.0597571963
Mean_In_C4:	156.293247843
Sigma_In_C4:	11.0592252077
