Mean_Mo_C2:	120.738678332
Sigma_Mo_C2:	11.5266351181
Mean_In_C2:	164.612892687
Sigma_In_C2:	13.1059346527
