Mean_Mo_C5:	123.366642524
Sigma_Mo_C5:	10.172578021
Mean_Ag_C5:	158.456382377
Sigma_Ag_C5:	9.16768122233
