Mean_Mo_C9:	97.1209271562
Sigma_Mo_C9:	10.6346402863
Mean_Ag_C9:	127.806479166
Sigma_Ag_C9:	6.51181121987
