Mean_Mo_C13:	103.3225695
Sigma_Mo_C13:	11.324054142
Mean_Ag_C13:	134.015112064
Sigma_Ag_C13:	6.80123876271
