Mean_Mo_C0:	107.339563704
Sigma_Mo_C0:	14.5149189491
Mean_Ag_C0:	138.648428928
Sigma_Ag_C0:	6.92664124277
