Mean_Mo_C0:	103.557231906
Sigma_Mo_C0:	11.6640852212
Mean_Cu_C0:	48.964802307
Sigma_Cu_C0:	8.99990916157
