Mean_Mo_C9:	95.4475956352
Sigma_Mo_C9:	9.90878476841
Mean_Sn_C9:	139.74625365
Sigma_Sn_C9:	12.7543792651
