Mean_Mo_C14:	111.644200312
Sigma_Mo_C14:	12.5375763423
Mean_Cu_C14:	53.4253966719
Sigma_Cu_C14:	9.34179000544
