Mean_Mo_C7:	100.143866705
Sigma_Mo_C7:	10.515383729
Mean_In_C7:	139.879581012
Sigma_In_C7:	11.2458646151
