Mean_Mo_C9:	95.8036133377
Sigma_Mo_C9:	10.5315592275
Mean_Sn_C9:	140.023788265
Sigma_Sn_C9:	14.1575612705
