Mean_Mo_C3:	121.039781539
Sigma_Mo_C3:	11.0697321892
Mean_Cu_C3:	61.5895844406
Sigma_Cu_C3:	9.96144186409
