Mean_Mo_C9:	100.212850989
Sigma_Mo_C9:	10.520992491
Mean_In_C9:	139.425276904
Sigma_In_C9:	11.2066731274
