Mean_Mo_C13:	107.249831026
Sigma_Mo_C13:	10.3029455954
Mean_In_C13:	147.50510824
Sigma_In_C13:	11.589822932
