Mean_Mo_C7:	101.091522277
Sigma_Mo_C7:	9.80112523556
Mean_Sn_C7:	145.795341863
Sigma_Sn_C7:	11.1629922537
