Mean_Mo_C1:	111.724816257
Sigma_Mo_C1:	12.0779964384
Mean_Cu_C1:	56.564686515
Sigma_Cu_C1:	8.25688544105
