Mean_Mo_C4:	111.107712282
Sigma_Mo_C4:	11.0097880849
Mean_Sn_C4:	161.016310802
Sigma_Sn_C4:	12.3295303707
