Mean_Mo_C2:	116.091892401
Sigma_Mo_C2:	13.6320470545
Mean_In_C2:	162.113709625
Sigma_In_C2:	11.7072908645
