Mean_Mo_C0:	105.245780217
Sigma_Mo_C0:	12.283093007
Mean_In_C0:	146.472334103
Sigma_In_C0:	10.5226327276
