Mean_Mo_C13:	105.065586483
Sigma_Mo_C13:	9.72149409988
Mean_Cu_C13:	52.7139463654
Sigma_Cu_C13:	8.43843468524
