Mean_Mo_C5:	120.945298461
Sigma_Mo_C5:	10.6555375001
Mean_Ag_C5:	156.333710792
Sigma_Ag_C5:	6.91627342648
