Mean_Mo_C1:	137.713807693
Sigma_Mo_C1:	11.8157390807
Mean_Ag_C1:	183.63078234
Sigma_Ag_C1:	26.315164765
