Mean_Mo_C3:	114.459186022
Sigma_Mo_C3:	10.8825045505
Mean_Cu_C3:	53.2863209048
Sigma_Cu_C3:	9.31608827119
