Mean_Mo_C3:	118.65588346
Sigma_Mo_C3:	11.1205952406
Mean_In_C3:	163.772659382
Sigma_In_C3:	12.558792345
