Mean_Mo_C11:	105.267279758
Sigma_Mo_C11:	10.6396207146
Mean_Cu_C11:	52.1963371176
Sigma_Cu_C11:	8.9194823669
