Mean_Mo_C8:	100.348465666
Sigma_Mo_C8:	10.7283575958
Mean_Ag_C8:	131.430986964
Sigma_Ag_C8:	7.25193061609
