Mean_Mo_C12:	103.622274368
Sigma_Mo_C12:	9.32416099659
Mean_Cu_C12:	51.3559026007
Sigma_Cu_C12:	7.96268768184
