Mean_Mo_C5:	119.784164152
Sigma_Mo_C5:	10.0618136835
Mean_Cu_C5:	55.1232841368
Sigma_Cu_C5:	9.93990036005
