Mean_Mo_C0:	106.297363959
Sigma_Mo_C0:	12.527924429
Mean_Sn_C0:	153.555554621
Sigma_Sn_C0:	11.3895336921
