Mean_Mo_C8:	99.3902977364
Sigma_Mo_C8:	10.7162161983
Mean_Sn_C8:	144.97068966
Sigma_Sn_C8:	12.4888442803
