Mean_Mo_C4:	111.561244742
Sigma_Mo_C4:	11.4057479926
Mean_Ag_C4:	145.231545069
Sigma_Ag_C4:	7.47643881941
