Mean_Mo_C6:	119.28261114
Sigma_Mo_C6:	10.7293936642
Mean_Sn_C6:	172.5098228
Sigma_Sn_C6:	12.3951177786
