Mean_Mo_C2:	117.749493289
Sigma_Mo_C2:	11.7202304961
Mean_Cu_C2:	55.8618085794
Sigma_Cu_C2:	9.51166639132
