Mean_Mo_C14:	112.968953938
Sigma_Mo_C14:	13.5108119972
Mean_Ag_C14:	146.604331857
Sigma_Ag_C14:	7.64679030482
