Mean_Mo_C11:	103.272827109
Sigma_Mo_C11:	11.0774298525
Mean_Sn_C11:	149.115502622
Sigma_Sn_C11:	11.4101176685
