Mean_Mo_C7:	101.578588035
Sigma_Mo_C7:	10.5260014596
Mean_Ag_C7:	132.403347643
Sigma_Ag_C7:	6.67112815582
