Mean_Mo_C1:	105.955583426
Sigma_Mo_C1:	12.823147118
Mean_Ag_C1:	138.056913778
Sigma_Ag_C1:	8.01311295507
