Mean_Mo_C12:	100.622212509
Sigma_Mo_C12:	10.2247238556
Mean_Sn_C12:	145.044241931
Sigma_Sn_C12:	10.9388164933
