Mean_Mo_C6:	123.339715323
Sigma_Mo_C6:	10.5151125842
Mean_In_C6:	170.459728627
Sigma_In_C6:	12.874636289
