Mean_Mo_C0:	107.521431479
Sigma_Mo_C0:	12.0526512602
Mean_In_C0:	149.310442282
Sigma_In_C0:	10.1289486098
