Mean_Mo_C14:	115.649402391
Sigma_Mo_C14:	13.6958082576
Mean_In_C14:	160.215102452
Sigma_In_C14:	10.3803312818
