Mean_Mo_C8:	102.262005883
Sigma_Mo_C8:	10.1638085379
Mean_In_C8:	141.737003029
Sigma_In_C8:	11.2061136145
