Mean_Mo_C1:	106.446164601
Sigma_Mo_C1:	11.8322503614
Mean_Cu_C1:	50.1565168619
Sigma_Cu_C1:	8.94868056641
