Mean_Mo_C13:	102.565480919
Sigma_Mo_C13:	10.5175209579
Mean_Sn_C13:	148.540338432
Sigma_Sn_C13:	11.935437616
