Mean_Mo_C14:	113.415727798
Sigma_Mo_C14:	12.4535447246
Mean_Sn_C14:	162.812018687
Sigma_Sn_C14:	11.7378247208
