Mean_Mo_C4:	111.040081131
Sigma_Mo_C4:	10.6532008661
Mean_Cu_C4:	52.5026277703
Sigma_Cu_C4:	8.89962524264
