Mean_Mo_C11:	99.3715171192
Sigma_Mo_C11:	10.322339614
Mean_Sn_C11:	145.153213778
Sigma_Sn_C11:	12.7981779929
