Mean_Mo_C12:	105.226267626
Sigma_Mo_C12:	11.0480051565
Mean_Ag_C12:	135.428584599
Sigma_Ag_C12:	6.88167012929
