Mean_Mo_C2:	117.381043882
Sigma_Mo_C2:	12.6837355306
Mean_Sn_C2:	167.686906026
Sigma_Sn_C2:	12.7609297715
