Mean_Mo_C8:	99.2530408927
Sigma_Mo_C8:	10.2611184955
Mean_Ag_C8:	129.895830828
Sigma_Ag_C8:	6.965066407
