Mean_Mo_C7:	104.971823045
Sigma_Mo_C7:	10.6195538568
Mean_In_C7:	143.943051395
Sigma_In_C7:	10.2577159882
