Mean_Mo_C6:	122.089529363
Sigma_Mo_C6:	10.4782063167
Mean_Sn_C6:	175.142491412
Sigma_Sn_C6:	11.9705312712
