Mean_Mo_C11:	103.826460463
Sigma_Mo_C11:	10.8183264203
Mean_Ag_C11:	135.068896547
Sigma_Ag_C11:	7.44414054735
