Mean_Mo_C10:	96.3179388079
Sigma_Mo_C10:	10.0909615703
Mean_Ag_C10:	125.711209723
Sigma_Ag_C10:	5.72885599428
