Mean_Mo_C7:	100.639534015
Sigma_Mo_C7:	9.5350281563
Mean_Cu_C7:	49.5005215111
Sigma_Cu_C7:	8.55690699189
