Mean_Mo_C5:	120.700884422
Sigma_Mo_C5:	10.4803761295
Mean_Sn_C5:	174.097274843
Sigma_Sn_C5:	11.0068322524
