Mean_Mo_C12:	103.438133766
Sigma_Mo_C12:	10.3304286886
Mean_Sn_C12:	149.219725424
Sigma_Sn_C12:	10.2367823069
