Mean_Mo_C15:	110.246087834
Sigma_Mo_C15:	9.79402989801
Mean_Sn_C15:	156.567791494
Sigma_Sn_C15:	11.5075063999
