Mean_Mo_C15:	9.50573726949
Sigma_Mo_C15:	8.75435884347
Mean_Cu_C15:	10.507270576
Sigma_Cu_C15:	3.98892249219
