Mean_Mo_C11:	106.351310989
Sigma_Mo_C11:	11.0521932879
Mean_In_C11:	147.47319666
Sigma_In_C11:	11.1508913421
