Mean_Mo_C13:	104.267971995
Sigma_Mo_C13:	10.3744172638
Mean_Sn_C13:	150.136008087
Sigma_Sn_C13:	12.8389427251
