Mean_Mo_C7:	102.687015197
Sigma_Mo_C7:	10.9221286934
Mean_Ag_C7:	133.78522894
Sigma_Ag_C7:	7.48174471569
