Mean_Mo_C1:	108.060140691
Sigma_Mo_C1:	11.6608209605
Mean_In_C1:	151.201325167
Sigma_In_C1:	11.4563503853
