Mean_Mo_C0:	105.432983924
Sigma_Mo_C0:	11.8948523469
Mean_Ag_C0:	136.544453591
Sigma_Ag_C0:	4.95309269966
