Mean_Mo_C4:	113.930430407
Sigma_Mo_C4:	10.9933307916
Mean_In_C4:	157.74542239
Sigma_In_C4:	11.7262729602
