Mean_Mo_C8:	98.4548102871
Sigma_Mo_C8:	9.88251400368
Mean_Cu_C8:	47.8748804939
Sigma_Cu_C8:	8.7870759555
