Mean_Mo_C2:	118.884185063
Sigma_Mo_C2:	12.8967938987
Mean_Ag_C2:	150.673335794
Sigma_Ag_C2:	7.31719638222
