Mean_Mo_C14:	116.4493476
Sigma_Mo_C14:	11.8375332196
Mean_Cu_C14:	58.9182250962
Sigma_Cu_C14:	9.9556521966
