Mean_Mo_C4:	114.379567978
Sigma_Mo_C4:	10.578988283
Mean_Ag_C4:	146.960339152
Sigma_Ag_C4:	7.63984174609
