Mean_Mo_C15:	14.908096302
Sigma_Mo_C15:	5.98174681995
Mean_In_C15:	10.1286727309
Sigma_In_C15:	0.467369975613
