Mean_Mo_C3:	115.15804356
Sigma_Mo_C3:	10.9835024803
Mean_Sn_C3:	165.517370713
Sigma_Sn_C3:	12.8508940785
