Mean_Mo_C11:	103.290184637
Sigma_Mo_C11:	9.83247512292
Mean_Cu_C11:	50.0556773263
Sigma_Cu_C11:	8.70280701061
