Mean_Mo_C15:	13.5176578929
Sigma_Mo_C15:	6.00768809204
Mean_Ag_C15:	15.3419369636
Sigma_Ag_C15:	1.45976192011
