Mean_Mo_C13:	107.535300657
Sigma_Mo_C13:	10.6784964401
Mean_Cu_C13:	56.5425496274
Sigma_Cu_C13:	8.69539316635
