Mean_Mo_C13:	105.051250903
Sigma_Mo_C13:	11.5029758928
Mean_Ag_C13:	135.520230736
Sigma_Ag_C13:	7.66164720543
