Mean_Mo_C10:	95.1563206863
Sigma_Mo_C10:	9.62343324127
Mean_Sn_C10:	138.54991556
Sigma_Sn_C10:	11.5806401342
