Mean_Mo_C1:	106.218662263
Sigma_Mo_C1:	11.9179152229
Mean_Sn_C1:	153.465574672
Sigma_Sn_C1:	10.9255732354
