Mean_Mo_C15:	114.034718399
Sigma_Mo_C15:	11.0211766251
Mean_Cu_C15:	56.5565760141
Sigma_Cu_C15:	8.76138135655
