Mean_Mo_C3:	115.972444701
Sigma_Mo_C3:	11.6187844346
Mean_Ag_C3:	149.629249039
Sigma_Ag_C3:	7.78525980022
