Mean_Mo_C1:	108.80046382
Sigma_Mo_C1:	12.3872465067
Mean_Sn_C1:	158.103332053
Sigma_Sn_C1:	11.8453450207
