Mean_Mo_C9:	95.9914361051
Sigma_Mo_C9:	10.5201673442
Mean_Cu_C9:	44.7993858733
Sigma_Cu_C9:	8.87029112895
