Mean_Mo_C10:	98.4843692922
Sigma_Mo_C10:	10.2105408815
Mean_In_C10:	136.775398416
Sigma_In_C10:	10.2632432758
