Mean_Mo_C6:	119.143230374
Sigma_Mo_C6:	9.63878332176
Mean_Cu_C6:	55.2833184665
Sigma_Cu_C6:	10.1613238229
