Mean_Mo_C11:	98.6108895819
Sigma_Mo_C11:	11.4370820808
Mean_In_C11:	139.51842519
Sigma_In_C11:	11.5478435086
