Mean_Mo_C6:	121.006232296
Sigma_Mo_C6:	10.8228326722
Mean_Ag_C6:	155.980536434
Sigma_Ag_C6:	8.0017283426
