Mean_Mo_C0:	104.292476342
Sigma_Mo_C0:	11.3918441289
Mean_Sn_C0:	151.2785613
Sigma_Sn_C0:	13.0084892747
