Mean_Mo_C15:	13.319456802
Sigma_Mo_C15:	6.00268494937
Mean_Sn_C15:	110.285439587
Sigma_Sn_C15:	78.8532555324
